622
623
629
630
565
566
567
568
593
594
595
527
528
529
530
531
532
533
560
492
493
494
495
496
497
498
499
500
525
460
461
462
463
464
465
421
426
427
428
429
430
448
451
452
386
387
417
418
351
253
256
257
258
259
260
261
262
263
264
265
266
267
211
212
217
218
219
220
221
222
223
224
225
226
227
228
229
230
231
176
177
178
182
183
184
185
186
187
188
189
190
191
192
193
194
195
142
143
144
145
146
147
148
149
150
151
152
153
154
155
156
157
158
159
160
107
108
109
110
111
112
113
114
115
116
117
118
119
120
121
122
123
124
125
140
71
72
73
74
75
76
77
78
79
80
81
82
83
84
85
86
87
88
89
90
91
36
37
38
39
40
41
42
43
44
45
46
47
48
49
50
51
52
53
54
55
56
57
58
59
60
61
1
2
3
4
5
6
7
8
9
10
11
12
13
14
15
16
17
18
19
20
21
22
23
24
25
