1025
1026
1027
1028
1029
1030
1031
1032
1033
1034
1035
1036
1037
1038
1049
1050
981
982
991
992
993
994
995
996
997
998
999
1000
1001
1002
1003
1015
948
949
956
957
958
959
960
961
962
963
968
969
970
971
972
973
978
979
980
913
914
921
922
923
924
925
926
927
928
929
933
934
935
936
937
938
943
944
945
887
888
889
890
891
892
893
894
895
896
898
899
900
901
902
903
908
909
852
853
854
855
856
857
858
859
860
861
862
863
864
865
866
867
871
872
873
874
808
809
810
811
812
813
814
815
816
817
818
819
820
821
822
823
824
825
826
827
828
829
830
831
832
837
839
774
775
780
781
782
783
784
785
786
787
788
790
791
792
797
798
805
744
745
746
747
748
749
750
751
752
753
754
755
756
757
758
763
764
770
710
711
712
713
714
715
716
717
718
719
720
721
722
728
729
730
731
732
733
734
735
666
667
668
669
670
671
672
673
676
678
679
680
681
682
683
684
685
686
695
696
697
698
699
700
631
632
633
634
635
636
637
638
639
640
641
642
643
644
645
646
647
648
659
660
661
662
663
664
665
596
597
598
599
600
616
617
624
625
626
627
628
561
562
589
590
591
592
526
553
554
555
556
558
491
519
520
456
457
458
459
484
485
486
422
423
424
425
388
389
390
391
392
393
394
395
352
353
354
355
356
357
358
359
360
361
316
317
318
319
320
321
322
323
324
325
326
342
343
344
281
282
283
284
285
286
287
288
289
290
307
308
309
310
311
312
313
314
315
246
247
248
249
250
251
252
273
274
275
276
277
278
279
280
213
214
215
216
179
180
181
