1016
1017
1018
1023
1024
1039
1040
1041
1042
1043
1044
1045
983
984
985
988
989
990
1004
1005
1006
1007
1008
1009
1010
946
947
950
951
952
953
954
955
964
965
966
967
974
911
912
915
916
917
918
919
920
930
931
932
939
940
876
877
878
879
880
881
882
883
884
885
886
904
905
906
841
842
843
844
845
846
847
848
849
850
851
806
807
771
772
773
776
777
778
779
789
793
794
795
796
736
737
738
739
740
741
742
743
759
760
701
702
703
704
705
706
707
708
709
723
724
725
726
674
675
687
688
689
690
649
650
651
652
653
601
602
603
604
605
606
607
608
609
610
611
612
613
614
615
563
564
569
570
571
572
573
574
575
576
577
578
579
580
581
582
586
534
535
536
537
538
539
540
541
542
543
544
545
546
547
559
501
502
503
504
505
506
507
508
509
516
517
518
523
524
466
467
468
469
470
471
472
473
474
480
481
482
483
489
490
431
432
433
434
435
436
437
438
444
445
446
447
449
450
455
396
397
398
399
400
401
402
409
410
411
412
413
414
415
416
362
363
364
365
366
367
374
375
376
377
378
379
380
381
382
383
384
385
327
328
329
330
331
332
340
341
345
346
347
348
349
350
291
292
293
294
295
296
301
302
303
304
305
306
254
255
268
269
270
271
272
232
233
234
235
236
237
238
239
240
241
242
243
244
245
196
197
198
199
200
201
202
203
204
205
206
207
208
209
210
161
162
163
164
165
166
167
168
169
170
171
172
173
174
175
126
127
128
129
130
131
132
133
134
135
136
137
138
139
92
93
94
95
96
97
98
99
100
101
102
103
104
105
62
63
64
65
66
67
68
69
70
26
27
28
29
30
31
32
33
34
35
