N E Topografia b-sedidmentos b-basalto b-and-cuater b-toba b-and-terc b-lechos
2066 536.5 -2.343 -2.343 -2.343 -1.814482463 -1.614482463 -1.614482463 -1.514482463
2066 537.5 -2.398 -2.398 -2.398 -1.842789479 -1.642789479 -1.642789479 -1.542789479
2066 538.5 -2.362 -2.362 -2.362 -1.864918891 -1.664918891 -1.664918891 -1.564918891
2066 539.5 -2.406 -2.406 -2.406 -1.875785552 -1.675785552 -1.675785552 -1.575785552
2066 540.5 -2.36 -2.36 -2.36 -1.876042466 -1.676042466 -1.676042466 -1.576042466
2066 541.5 -2.284 -2.284 -2.284 -1.873625593 -1.673625593 -1.673625593 -1.573625593
2066 542.5 -2.223 -2.223 -2.223 -1.878838982 -1.678838982 -1.678838982 -1.578838982
2066 543.5 -2.183 -2.183 -2.183 -1.899747186 -1.699747186 -1.699747186 -1.599747186
2066 544.5 -2.173 -2.173 -2.173 -1.935583037 -1.735583037 -1.735583037 -1.635583037
2066 545.5 -2.142 -2.142 -2.142 -1.979479273 -1.779479273 -1.776656267 -1.676656267
2066 546.5 -2.146 -2.146 -2.146 -2.021803449 -1.821803449 -1.813461725 -1.713461725
2066 547.5 -2.132 -2.132 -2.132 -2.048200341 -1.848200341 -1.8390504 -1.7390504
2066 548.5 -2.1 -2.1 -2.1 -2.052533106 -1.852533106 -1.852533106 -1.752533106
2066 549.5 -2.057 -2.057 -2.057 -2.025466004 -1.857961272 -1.857961272 -1.757961272
2066 550.5 -1.983 -1.983 -1.983 -1.973 -1.865198449 -1.865198449 -1.765198449
2066 551.5 -1.977 -1.977 -1.977 -1.967 -1.87884644 -1.87884644 -1.77884644
2066 552.5 -2.02 -2.02 -2.02 -2.001469657 -1.898646296 -1.898646296 -1.798646296
2066 553.5 -2.005 -2.005 -2.005 -1.995 -1.920678557 -1.920678557 -1.820678557
2066 554.5 -1.986 -1.986 -1.986 -1.975037584 -1.937926954 -1.937926954 -1.839076662
2066 555.5 -1.954 -1.954 -1.954 -1.944 -1.944 -1.944 -1.846701074
2066 556.5 -2.045 -2.045 -2.045 -2.003601759 -1.934728917 -1.934728917 -1.837017193
2066 557.5 -2.048 -2.048 -2.048 -2.038 -1.904233853 -1.904233853 -1.805406523
2066 558.5 -2.04 -2.04 -2.04 -2.03 -1.85010312 -1.85010312 -1.750300506
2066 559.5 -2.083 -2.083 -2.083 -1.972057152 -1.772057152 -1.772057152 -1.672057152
2066 560.5 -2.132 -1.828890721 -1.828890721 -1.828890721 -1.67147208 -1.67147208 -1.572309294
2066 561.5 -2.105 -1.644453055 -1.644453055 -1.644453055 -1.554692048 -1.554692048 -1.458473322
2066 562.5 -2.04 -1.460418611 -1.460418611 -1.460418611 -1.42917092 -1.42917092 -1.338035513
2066 563.5 -1.968 -1.303552732 -1.303552732 -1.303552732 -1.303552732 -1.303552732 -1.21806283
2066 564.5 -1.93 -1.187344474 -1.187344474 -1.187344474 -1.187344474 -1.187344474 -1.104473425
2066 565.5 -1.896 -1.111865703 -1.111865703 -1.111865703 -1.090031707 -1.090031707 -1.001527528
2066 566.5 -1.877 -1.077 -1.077 -1.077 -1.006709587 -1.006709587 -0.9114018787
2066 567.5 -1.867 -1.067 -1.067 -1.067 -0.9328670772 -0.9328670772 -0.8335569604
2066 568.5 -1.864 -1.064 -1.064 -1.064 -0.864 -0.864 -0.764
2066 669 -1.866 -1.066 -1.066 -0.466 -0.266 -0.266 -0.166
2166.5 436 -2.212 -2.212 -2.212 -1.913854458 -1.913854458 -1.313854458 -1.213854458
2166.5 536.5 -2.194 -2.194 -2.194 -1.603884983 -1.603884983 -1.003884983 -0.9038849835
2166.5 537.5 -2.263 -2.263 -2.263 -1.663 -1.641198915 -1.106706018 -1.006706018
2166.5 538.5 -2.293 -2.293 -2.293 -1.695635556 -1.495635556 -1.214174434 -1.114174434
2166.5 539.5 -2.242 -2.242 -2.242 -1.723749876 -1.523749876 -1.326308287 -1.226308287
2166.5 540.5 -2.283 -2.283 -2.283 -1.762430828 -1.562430828 -1.439248684 -1.339248684
2166.5 541.5 -2.193 -2.193 -2.193 -1.809193768 -1.609193768 -1.545299314 -1.445299314
2166.5 542.5 -2.144 -2.144 -2.144 -1.862388111 -1.708020595 -1.63775114 -1.53775114
2166.5 543.5 -2.159 -2.159 -2.159 -1.916759624 -1.716759624 -1.711561378 -1.611561378
2166.5 544.5 -2.097 -2.097 -2.097 -1.954595226 -1.762148672 -1.762148672 -1.663493876
2166.5 545.5 -2.097 -2.097 -2.097 -1.977678515 -1.80913355 -1.794025459 -1.697991756
2166.5 546.5 -2.064 -2.064 -2.064 -1.990413247 -1.838859157 -1.811116051 -1.716839561
2166.5 547.5 -2.056 -2.056 -2.056 -1.994259599 -1.816156621 -1.816156621 -1.72087958
2166.5 548.5 -2.035 -2.035 -2.035 -1.983293812 -1.810030129 -1.810030129 -1.712172374
2166.5 549.5 -2.009 -2.009 -2.009 -1.956816845 -1.795255851 -1.795255851 -1.695255851
2166.5 550.5 -1.99 -1.99 -1.99 -1.925376827 -1.790889124 -1.77601511 -1.67601511
2166.5 551.5 -1.938 -1.938 -1.938 -1.907487464 -1.785156524 -1.758122769 -1.658122769
2166.5 552.5 -1.975 -1.975 -1.975 -1.913041815 -1.742537879 -1.742537879 -1.642537879
2166.5 553.5 -1.952 -1.952 -1.952 -1.919208502 -1.719208502 -1.719208502 -1.630458706
2166.5 554.5 -1.946 -1.946 -1.946 -1.923313449 -1.723313449 -1.682600493 -1.61791539
2166.5 555.5 -1.932 -1.932 -1.932 -1.922 -1.804057195 -1.636062439 -1.600420909
2166.5 556.5 -1.954 -1.954 -1.954 -1.922212998 -1.848461807 -1.590109909 -1.577230096
2166.5 557.5 -1.962 -1.962 -1.962 -1.917900146 -1.880780088 -1.553488612 -1.552113713
2166.5 558.5 -1.971 -1.971 -1.971 -1.908732851 -1.840000782 -1.531959656 -1.531959656
2166.5 559.5 -1.969 -1.969 -1.969 -1.893077001 -1.821167501 -1.52411113 -1.52411113
2166.5 560.5 -1.981 -1.981 -1.981 -1.873880606 -1.725276163 -1.530367141 -1.527624243
2166.5 561.5 -1.959 -1.887333281 -1.887333281 -1.848959946 -1.669175592 -1.547427487 -1.538458278
2166.5 562.5 -1.925 -1.840124517 -1.824132243 -1.824132243 -1.624132243 -1.569424788 -1.552357313
2166.5 563.5 -1.895 -1.804665063 -1.804665063 -1.804665063 -1.604665063 -1.588194485 -1.56515649
2166.5 564.5 -1.878 -1.795781075 -1.795781075 -1.795781075 -1.595781075 -1.595781075 -1.57333951
2166.5 565.5 -1.867 -1.797335931 -1.793493076 -1.793493076 -1.593493076 -1.593214428 -1.574980217
2166.5 566.5 -1.86 -1.801577116 -1.794494809 -1.794494809 -1.600914534 -1.581660733 -1.569851147
2166.5 567.5 -1.856 -1.815503056 -1.794857343 -1.794857343 -1.668852843 -1.5643535 -1.558851608
2166.5 568.5 -1.854 -1.794640891 -1.794063671 -1.794063671 -1.794063671 -1.543964297 -1.543964297
2167.5 536.5 -2.164 -2.164 -2.164 -1.697842519 -1.497842519 -1.163936055 -1.063936055
2167.5 537.5 -2.138 -2.138 -2.138 -1.69109879 -1.49109879 -1.224882578 -1.124882578
2167.5 538.5 -2.231 -2.231 -2.231 -1.687412851 -1.487412851 -1.290616502 -1.190616502
2167.5 539.5 -2.184 -2.184 -2.184 -1.696657035 -1.500962025 -1.364435832 -1.264435832
2167.5 540.5 -2.132 -2.132 -2.132 -1.725536016 -1.525536016 -1.445172953 -1.345172953
2167.5 541.5 -2.214 -2.214 -2.214 -1.771489594 -1.571489594 -1.527285131 -1.427285131
2167.5 542.5 -2.115 -2.115 -2.115 -1.822596713 -1.622596713 -1.60262813 -1.50262813
2167.5 543.5 -2.099 -2.099 -2.099 -1.871274584 -1.671274584 -1.665393852 -1.565393852
2167.5 544.5 -2.064 -2.064 -2.064 -1.912938064 -1.712938064 -1.712938064 -1.613083278
2167.5 545.5 -2.067 -2.067 -2.067 -1.94443927 -1.74443927 -1.74443927 -1.648527618
2167.5 546.5 -2.018 -2.018 -2.018 -1.959535375 -1.764553325 -1.757992462 -1.671632369
2167.5 547.5 -1.989 -1.989 -1.989 -1.96198257 -1.76198257 -1.756602909 -1.680578505
2167.5 548.5 -1.974 -1.974 -1.974 -1.944661183 -1.840826847 -1.742919502 -1.67378228
2167.5 549.5 -1.953 -1.953 -1.953 -1.919164035 -1.757874664 -1.725048345 -1.653077411
2167.5 550.5 -1.947 -1.947 -1.947 -1.89537235 -1.706370572 -1.706370572 -1.624615885
2167.5 551.5 -1.924 -1.924 -1.924 -1.880825786 -1.687817239 -1.687817239 -1.597343866
2167.5 552.5 -1.936 -1.936 -1.936 -1.884739713 -1.684739713 -1.665150397 -1.577006095
2167.5 553.5 -1.918 -1.918 -1.918 -1.894826279 -1.694826279 -1.631111694 -1.562281245
2167.5 554.5 -1.921 -1.921 -1.921 -1.901521532 -1.785123482 -1.589112805 -1.547192574
2167.5 555.5 -1.916 -1.916 -1.916 -1.900845851 -1.854526175 -1.545445564 -1.526948564
2167.5 556.5 -1.924 -1.90228584 -1.892337441 -1.892337441 -1.87106862 -1.506892743 -1.502148047
2167.5 557.5 -1.923 -1.909857658 -1.879333355 -1.879333355 -1.87042236 -1.478211281 -1.478211281
2167.5 558.5 -1.925 -1.882793338 -1.878795688 -1.866569899 -1.813290884 -1.461540824 -1.461540824
2167.5 559.5 -1.92 -1.887530422 -1.872734489 -1.852236713 -1.75271134 -1.45504555 -1.45504555
2167.5 560.5 -1.909 -1.889500619 -1.858242551 -1.836256309 -1.706444494 -1.457787055 -1.456432378
2167.5 561.5 -1.89 -1.868845005 -1.824393586 -1.819643018 -1.695871878 -1.467328896 -1.46290324
2167.5 562.5 -1.872 -1.843660203 -1.806029072 -1.806029072 -1.677194184 -1.480202662 -1.471729483
2167.5 563.5 -1.857 -1.825173194 -1.798321957 -1.798321957 -1.663726677 -1.491577009 -1.480193047
2167.5 564.5 -1.851 -1.836955831 -1.797382451 -1.797382451 -1.6628196 -1.497261299 -1.485822314
2167.5 565.5 -1.852 -1.832921024 -1.80101932 -1.80101932 -1.671977907 -1.496078974 -1.486951268
2167.5 566.5 -1.848 -1.833752509 -1.805734601 -1.805734601 -1.671025487 -1.489046803 -1.483135647
2167.5 567.5 -1.846 -1.808938315 -1.808938315 -1.808938315 -1.649238644 -1.478549172 -1.475242113
2167.5 568.5 -1.845 -1.835 -1.80925517 -1.80925517 -1.723731011 -1.466048998 -1.465143394
2168.5 436 -2.401 -2.401 -2.401 -2.401 -2.201 -1.601 -1.501
2168.5 536.5 -2.168 -2.168 -2.168 -1.770255474 -1.570255474 -1.324647244 -1.224647244
2168.5 537.5 -2.089 -2.089 -2.089 -1.720170042 -1.666046146 -1.345024409 -1.245149431
2168.5 538.5 -2.081 -2.081 -2.081 -1.687082494 -1.687082494 -1.370399125 -1.2716696
2168.5 539.5 -2.11 -2.11 -2.11 -1.678570641 -1.678570641 -1.406876949 -1.307490517
2168.5 540.5 -2.073 -2.073 -2.073 -1.694494993 -1.534817984 -1.453582205 -1.353582205
2168.5 541.5 -2.115 -2.115 -2.115 -1.729329936 -1.529329936 -1.507563674 -1.407563674
2168.5 542.5 -2.137 -2.137 -2.137 -1.77277902 -1.57277902 -1.563525378 -1.463525378
2168.5 543.5 -2.013 -2.013 -2.013 -1.817876342 -1.617876342 -1.616451825 -1.516451825
2168.5 544.5 -2.016 -2.016 -2.016 -1.864286466 -1.664286466 -1.662723293 -1.562723293
2168.5 545.5 -2.017 -2.017 -2.017 -1.902521022 -1.702521022 -1.694874377 -1.597862487
2168.5 546.5 -1.982 -1.982 -1.982 -1.923707551 -1.781520014 -1.704236676 -1.62386298
2168.5 547.5 -1.944 -1.944 -1.944 -1.926571343 -1.852153649 -1.694579677 -1.63734242
2168.5 548.5 -1.922 -1.922 -1.922 -1.90982638 -1.866535795 -1.6733961 -1.63328233
2168.5 549.5 -1.905 -1.905 -1.905 -1.884478593 -1.785584346 -1.650692332 -1.610487209
2168.5 550.5 -1.896 -1.896 -1.896 -1.861839381 -1.661839381 -1.631318693 -1.575109695
2168.5 551.5 -1.901 -1.901 -1.901 -1.854783215 -1.654783215 -1.611017581 -1.539550187
2168.5 552.5 -1.903 -1.903 -1.903 -1.862061726 -1.662061726 -1.579954085 -1.512551518
2168.5 553.5 -1.9 -1.9 -1.9 -1.874114351 -1.674114351 -1.538378622 -1.493015626
2168.5 554.5 -1.889 -1.889 -1.889 -1.879 -1.833714786 -1.49483488 -1.474206963
2168.5 555.5 -1.907 -1.897 -1.878017786 -1.878017786 -1.878017786 -1.45660471 -1.451564675
2168.5 556.5 -1.9 -1.89 -1.863859607 -1.863859607 -1.863859607 -1.42675812 -1.42675812
2168.5 557.5 -1.895 -1.885 -1.844168631 -1.844168631 -1.844168631 -1.405864349 -1.405864349
2168.5 558.5 -1.89 -1.852999017 -1.829628279 -1.829628279 -1.785191482 -1.393289522 -1.393289522
2168.5 559.5 -1.891 -1.856644208 -1.815863056 -1.815863056 -1.714387902 -1.387491593 -1.387491593
2168.5 560.5 -1.886 -1.832464743 -1.802960725 -1.802960725 -1.680853053 -1.386570713 -1.386230759
2168.5 561.5 -1.86 -1.836608555 -1.792010803 -1.792010803 -1.697967107 -1.388952836 -1.387784891
2168.5 562.5 -1.846 -1.830925297 -1.786146663 -1.786146663 -1.709282083 -1.393403575 -1.391058132
2168.5 563.5 -1.843 -1.825982489 -1.787007468 -1.787007468 -1.720258018 -1.398075534 -1.394908422
2168.5 564.5 -1.841 -1.830820692 -1.794106264 -1.794106264 -1.717851446 -1.401221945 -1.39792595
2168.5 565.5 -1.841 -1.82600542 -1.804346143 -1.804346143 -1.720562532 -1.401118694 -1.398552325
2168.5 566.5 -1.84 -1.819336599 -1.813854441 -1.813854441 -1.722590093 -1.397342133 -1.395807267
2168.5 567.5 -1.841 -1.82263818 -1.819843124 -1.819843124 -1.719039018 -1.391161632 -1.390050932
2168.5 568.5 -1.837 -1.822506402 -1.822506402 -1.822506402 -1.622506402 -1.385290637 -1.382910475
2169.5 436 -2.295 -2.295 -2.295 -2.295 -2.227646387 -1.717082101 -1.617082101
2169.5 536.5 -2.211 -2.211 -2.211 -1.836526583 -1.636526583 -1.488574787 -1.388574787
2169.5 537.5 -2.114 -2.114 -2.114 -1.769836487 -1.743638884 -1.473751328 -1.374120248
2169.5 538.5 -2.037 -2.037 -2.037 -1.719671159 -1.719671159 -1.463833097 -1.364580669
2169.5 539.5 -2.014 -2.014 -2.014 -1.691871076 -1.691871076 -1.463104799 -1.363104799
2169.5 540.5 -1.999 -1.999 -1.999 -1.68391476 -1.579332969 -1.471873759 -1.371873759
2169.5 541.5 -2.01 -2.01 -2.01 -1.692406448 -1.602736306 -1.492532977 -1.392532977
2169.5 542.5 -2.016 -2.016 -2.016 -1.722628856 -1.565311923 -1.525720492 -1.425720492
2169.5 543.5 -1.995 -1.995 -1.995 -1.768075693 -1.568075693 -1.568075693 -1.468075693
2169.5 544.5 -1.968 -1.968 -1.968 -1.814646021 -1.614646021 -1.611512696 -1.511512696
2169.5 545.5 -1.953 -1.953 -1.953 -1.855201984 -1.655201984 -1.644086613 -1.544086613
2169.5 546.5 -1.954 -1.954 -1.954 -1.88371135 -1.68371135 -1.650772074 -1.569630477
2169.5 547.5 -1.929 -1.929 -1.929 -1.890339163 -1.855148165 -1.631695589 -1.585923637
2169.5 548.5 -1.884 -1.884 -1.884 -1.874 -1.874 -1.600390856 -1.584394979
2169.5 549.5 -1.867 -1.867 -1.867 -1.852115827 -1.852115827 -1.570859115 -1.56054755
2169.5 550.5 -1.849 -1.849 -1.849 -1.830438827 -1.691448474 -1.544663537 -1.522032656
2169.5 551.5 -1.874 -1.874 -1.874 -1.829456388 -1.629456388 -1.516523951 -1.480567483
2169.5 552.5 -1.875 -1.875 -1.875 -1.838422136 -1.638422136 -1.479368987 -1.445468959
2169.5 553.5 -1.864 -1.864 -1.864 -1.851248367 -1.651248367 -1.437425492 -1.418199686
2169.5 554.5 -1.864 -1.864 -1.864 -1.854 -1.805043346 -1.399910592 -1.394740594
2169.5 555.5 -1.874 -1.864 -1.855943043 -1.855943043 -1.855943043 -1.372879919 -1.372879919
2169.5 556.5 -1.869 -1.859 -1.842774943 -1.842774943 -1.842774943 -1.354489931 -1.354489931
2169.5 557.5 -1.863 -1.841996782 -1.82295201 -1.82295201 -1.811302737 -1.341136465 -1.341136465
2169.5 558.5 -1.858 -1.818472347 -1.808403846 -1.804150472 -1.733874365 -1.331573609 -1.331573609
2169.5 559.5 -1.858 -1.822714987 -1.789663017 -1.788646373 -1.671954164 -1.324511418 -1.324511418
2169.5 560.5 -1.852 -1.8244446 -1.776254508 -1.776254508 -1.660771453 -1.318818658 -1.318818658
2169.5 561.5 -1.841 -1.8142929 -1.767119336 -1.767119336 -1.678741418 -1.313989261 -1.313989261
2169.5 562.5 -1.835 -1.805818734 -1.763695836 -1.763695836 -1.688274308 -1.310482597 -1.310482597
2169.5 563.5 -1.832 -1.80665188 -1.768600868 -1.768600868 -1.699621045 -1.308857112 -1.308857112
2169.5 564.5 -1.833 -1.786156393 -1.781661835 -1.781661835 -1.700195694 -1.308993368 -1.308993368
2169.5 565.5 -1.835 -1.814888791 -1.797883449 -1.797883449 -1.713000449 -1.309251788 -1.309251788
2169.5 566.5 -1.836 -1.812307068 -1.812307068 -1.812307068 -1.727533222 -1.307520194 -1.307520194
2169.5 567.5 -1.836 -1.826 -1.82145692 -1.82145692 -1.794227743 -1.302986194 -1.302986194
2169.5 568.5 -1.837 -1.827 -1.827 -1.827 -1.780376737 -1.296820255 -1.296820255
2169.5 669 -1.835 -1.685319534 -1.685319534 -1.3609706 -1.1609706 -1.1609706 -1.0609706
2170.5 436 -2.251 -2.251 -2.251 -2.197436731 -2.112247053 -1.836980994 -1.739098687
2170.5 536.5 -2.169 -2.169 -2.169 -1.925383277 -1.886661312 -1.662602867 -1.565491598
2170.5 537.5 -2.128 -2.128 -2.128 -1.85054972 -1.741396837 -1.616025471 -1.517065919
2170.5 538.5 -2.085 -2.085 -2.075 -1.788083917 -1.588083917 -1.572983779 -1.472983779
2170.5 539.5 -2.052 -2.052 -2.042 -1.740031023 -1.540031023 -1.535688996 -1.435688996
2170.5 540.5 -1.99 -1.99 -1.98 -1.708001292 -1.508001292 -1.508001292 -1.408001292
2170.5 541.5 -1.949 -1.949 -1.949 -1.692917939 -1.497682639 -1.497682639 -1.397682639
2170.5 542.5 -1.95 -1.95 -1.95 -1.704093612 -1.505255103 -1.505255103 -1.405255103
2170.5 543.5 -1.947 -1.947 -1.947 -1.728158096 -1.528158096 -1.528158096 -1.428158096
2170.5 544.5 -1.938 -1.938 -1.938 -1.760672078 -1.560672078 -1.558824608 -1.458824608
2170.5 545.5 -1.931 -1.931 -1.931 -1.795409479 -1.595409479 -1.585787689 -1.485787689
2170.5 546.5 -1.9 -1.9 -1.9 -1.824762756 -1.624762756 -1.592176272 -1.505306784
2170.5 547.5 -1.89 -1.89 -1.89 -1.843748633 -1.788283825 -1.567846351 -1.521040012
2170.5 548.5 -1.854 -1.854 -1.854 -1.844 -1.844 -1.527966676 -1.520127947
2170.5 549.5 -1.834 -1.834 -1.834 -1.824 -1.824 -1.492356885 -1.492356885
2170.5 550.5 -1.813 -1.813 -1.813 -1.803 -1.803 -1.455070331 -1.455070331
2170.5 551.5 -1.825 -1.825 -1.825 -1.815 -1.779893417 -1.416856788 -1.413167041
2170.5 552.5 -1.829 -1.829 -1.829 -1.819 -1.751668849 -1.374762395 -1.371070746
2170.5 553.5 -1.831 -1.831 -1.831 -1.821 -1.804981272 -1.335019923 -1.335019923
2170.5 554.5 -1.854 -1.854 -1.854 -1.836109324 -1.836109324 -1.309121139 -1.309121139
2170.5 555.5 -1.85 -1.84 -1.833581845 -1.833581845 -1.833581845 -1.296627869 -1.296627869
2170.5 556.5 -1.845 -1.835 -1.823751036 -1.823751036 -1.823751036 -1.292180956 -1.292180956
2170.5 557.5 -1.841 -1.820219963 -1.810107425 -1.810107425 -1.800135407 -1.287947703 -1.287947703
2170.5 558.5 -1.833 -1.79283144 -1.79283144 -1.790664667 -1.683318341 -1.279987453 -1.279987453
2170.5 559.5 -1.833 -1.790729572 -1.789721216 -1.772066101 -1.611138574 -1.269032556 -1.269032556
2170.5 560.5 -1.833 -1.805223283 -1.757125156 -1.757125156 -1.61933566 -1.25631429 -1.25631429
2170.5 561.5 -1.826 -1.797484357 -1.744678768 -1.744678768 -1.653964245 -1.2428229 -1.2428229
2170.5 562.5 -1.824 -1.785898717 -1.737472346 -1.737472346 -1.664660768 -1.230580537 -1.230580537
2170.5 563.5 -1.824 -1.791585357 -1.740442768 -1.740442768 -1.661099156 -1.22216138 -1.22216138
2170.5 564.5 -1.827 -1.762319422 -1.760744228 -1.75531591 -1.644935802 -1.218901676 -1.218901676
2170.5 565.5 -1.829 -1.812342859 -1.775465339 -1.775465339 -1.679909429 -1.219073056 -1.219073056
2170.5 566.5 -1.832 -1.806519259 -1.793687319 -1.793687319 -1.744829336 -1.219122867 -1.219122867
2170.5 567.5 -1.837 -1.817416902 -1.805210006 -1.805210006 -1.805210006 -1.216552596 -1.216552596
2170.5 568.5 -1.842 -1.825646677 -1.811398172 -1.811398172 -1.811398172 -1.211398172 -1.211398172
2171.5 436 -2.242 -2.242 -2.242 -2.184194652 -2.184194652 -1.983003274 -1.891904946
2171.5 536.5 -2.189 -2.189 -2.189 -2.062639357 -2.062639357 -1.854170228 -1.760658852
2171.5 537.5 -2.151 -2.151 -2.141 -1.968576517 -1.808118167 -1.772328989 -1.675703955
2171.5 538.5 -2.075 -2.075 -2.065 -1.875103984 -1.724913111 -1.69036708 -1.594290692
2171.5 539.5 -2.042 -2.042 -1.937772503 -1.79514986 -1.739183506 -1.617338686 -1.521693147
2171.5 540.5 -1.988 -1.988 -1.927171561 -1.749954429 -1.564490347 -1.564490347 -1.464883421
2171.5 541.5 -1.946 -1.946 -1.946 -1.730045186 -1.530045186 -1.530045186 -1.430045186
2171.5 542.5 -1.918 -1.918 -1.918 -1.712114142 -1.512114142 -1.512087597 -1.412087597
2171.5 543.5 -1.91 -1.91 -1.91 -1.70443113 -1.50443113 -1.50443113 -1.40443113
2171.5 544.5 -1.909 -1.909 -1.909 -1.710380032 -1.510380032 -1.510380032 -1.410380032
2171.5 545.5 -1.902 -1.902 -1.902 -1.727310842 -1.527310842 -1.52424956 -1.42424956
2171.5 546.5 -1.885 -1.885 -1.885 -1.749887289 -1.549887289 -1.529930016 -1.432569333
2171.5 547.5 -1.856 -1.856 -1.856 -1.773786581 -1.573786581 -1.50339065 -1.442751625
2171.5 548.5 -1.832 -1.832 -1.832 -1.79229903 -1.79229903 -1.455563301 -1.441872426
2171.5 549.5 -1.816 -1.816 -1.816 -1.806 -1.806 -1.414240599 -1.414240599
2171.5 550.5 -1.878 -1.878 -1.878 -1.84070359 -1.84070359 -1.378611923 -1.378611923
2171.5 551.5 -1.94 -1.94 -1.94 -1.865888867 -1.865888867 -1.341467233 -1.341467233
2171.5 552.5 -1.923 -1.923 -1.923 -1.856700841 -1.856700841 -1.298826072 -1.298826072
2171.5 553.5 -1.837 -1.837 -1.837 -1.827 -1.827 -1.259720257 -1.259720257
2171.5 554.5 -1.824 -1.824 -1.824 -1.814 -1.814 -1.240357172 -1.240357172
2171.5 555.5 -1.818 -1.818 -1.818 -1.808 -1.808 -1.240040791 -1.240040791
2171.5 556.5 -1.817 -1.807 -1.807 -1.807 -1.807 -1.247905503 -1.247905503
2171.5 557.5 -1.818 -1.806510526 -1.806360756 -1.806360756 -1.806360756 -1.250074221 -1.250074221
2171.5 558.5 -1.816 -1.788106165 -1.788106165 -1.788106165 -1.669709746 -1.240562126 -1.240562126
2171.5 559.5 -1.816 -1.797156038 -1.797156038 -1.764291825 -1.595336093 -1.222618132 -1.222618132
2171.5 560.5 -1.816 -1.785306049 -1.762831192 -1.742665182 -1.586956185 -1.200043098 -1.199819368
2171.5 561.5 -1.82 -1.81 -1.722657609 -1.722657609 -1.6382584 -1.176155791 -1.174771327
2171.5 562.5 -1.825 -1.815 -1.725528275 -1.707403748 -1.657339064 -1.154074594 -1.151892835
2171.5 563.5 -1.824 -1.814 -1.732823461 -1.70172583 -1.645600334 -1.137295977 -1.135983405
2171.5 564.5 -1.823 -1.763784207 -1.757179402 -1.711950845 -1.570099568 -1.129423624 -1.129290843
2171.5 565.5 -1.825 -1.815 -1.732147423 -1.731020205 -1.581975129 -1.129602439 -1.129602439
2171.5 566.5 -1.829 -1.813685301 -1.748808487 -1.748808487 -1.680937895 -1.132672433 -1.132672433
2171.5 567.5 -1.834 -1.823469425 -1.760390208 -1.760390208 -1.734718962 -1.134718962 -1.134718962
2171.5 568.5 -1.842 -1.832 -1.766651726 -1.766651726 -1.734732633 -1.134732633 -1.134732633
2172.5 436 -2.318 -2.318 -2.304692955 -2.302681634 -2.302681634 -2.170979702 -2.074708231
2172.5 536.5 -2.281 -2.281 -2.248547318 -2.248547318 -2.248547318 -2.062478391 -1.970229894
2172.5 537.5 -2.242 -2.242 -2.232 -2.1254109 -2.037379373 -1.942521751 -1.847572628
2172.5 538.5 -2.134 -2.134 -2.001591134 -2.001591134 -2.001591134 -1.823546899 -1.731854231
2172.5 539.5 -2.05 -2.05 -1.895049005 -1.895049005 -1.895049005 -1.72083409 -1.630451092
2172.5 540.5 -2.002 -2.002 -1.896131483 -1.828680429 -1.648366434 -1.645944119 -1.547060046
2172.5 541.5 -1.959 -1.959 -1.949 -1.787094721 -1.587094721 -1.587094721 -1.487094721
2172.5 542.5 -1.916 -1.916 -1.916 -1.745358412 -1.545358412 -1.545358412 -1.445358412
2172.5 543.5 -1.887 -1.746407232 -1.746407232 -1.710622918 -1.511735537 -1.511735537 -1.411735537
2172.5 544.5 -1.884 -1.786799806 -1.786799806 -1.685779119 -1.488320537 -1.488320537 -1.388320537
2172.5 545.5 -1.882 -1.882 -1.882 -1.66948964 -1.473175907 -1.473175907 -1.373175907
2172.5 546.5 -1.868 -1.868 -1.868 -1.663579499 -1.463579499 -1.463579499 -1.363579499
2172.5 547.5 -1.846 -1.846 -1.846 -1.678438484 -1.478438484 -1.437717637 -1.361801681
2172.5 548.5 -1.821 -1.821 -1.821 -1.711329989 -1.676379236 -1.391618812 -1.363458644
2172.5 549.5 -1.826 -1.826 -1.826 -1.769256036 -1.769256036 -1.351097388 -1.351097388
2172.5 550.5 -1.922 -1.922 -1.922 -1.849972973 -1.849972973 -1.32719636 -1.32719636
2172.5 551.5 -2.068 -2.068 -2.068 -1.905839973 -1.905839973 -1.305839973 -1.305839973
2172.5 552.5 -1.943 -1.943 -1.943 -1.87770027 -1.87770027 -1.27770027 -1.27770027
2172.5 553.5 -1.859 -1.859 -1.859 -1.842189647 -1.842189647 -1.248650839 -1.248650839
2172.5 554.5 -1.838 -1.838 -1.838 -1.828 -1.828 -1.232585872 -1.232585872
2172.5 555.5 -1.835 -1.835 -1.835 -1.824850294 -1.824850294 -1.229082051 -1.229082051
2172.5 556.5 -1.83 -1.83 -1.83 -1.82 -1.82 -1.231599915 -1.231599915
2172.5 557.5 -1.821 -1.811 -1.811 -1.811 -1.807136754 -1.229626541 -1.229626541
2172.5 558.5 -1.817 -1.79417635 -1.79417635 -1.79417635 -1.689263249 -1.214667603 -1.214667603
2172.5 559.5 -1.816 -1.793687647 -1.793687647 -1.763094612 -1.624794577 -1.186694269 -1.186694269
2172.5 560.5 -1.818 -1.796888733 -1.782540948 -1.729497191 -1.545951229 -1.151420837 -1.150202062
2172.5 561.5 -1.836 -1.826 -1.766606751 -1.700660646 -1.505356014 -1.116281171 -1.111221499
2172.5 562.5 -1.886 -1.886 -1.876 -1.677331568 -1.477331568 -1.084092572 -1.07699271
2172.5 563.5 -1.863 -1.863 -1.848756801 -1.656751714 -1.479988367 -1.057666545 -1.053358095
2172.5 564.5 -1.827 -1.827 -1.763445312 -1.650143265 -1.48113295 -1.043414884 -1.04281586
2172.5 565.5 -1.82 -1.82 -1.714177932 -1.658949161 -1.458949161 -1.043424881 -1.043424881
2172.5 566.5 -1.822 -1.822 -1.671266493 -1.671266493 -1.538914801 -1.051519714 -1.051519714
2172.5 567.5 -1.831 -1.831 -1.681255333 -1.681255333 -1.605586142 -1.062168731 -1.062168731
2172.5 568.5 -1.839 -1.839 -1.738460128 -1.692337652 -1.534207458 -1.072729205 -1.072729205
2173.5 436 -2.517 -2.517 -2.503523703 -2.503523703 -2.357405371 -2.357405371 -2.257405371
2173.5 536.5 -2.484 -2.484 -2.474 -2.467038881 -2.362115531 -2.277682476 -2.181230912
2173.5 537.5 -2.37 -2.37 -2.358410192 -2.307885658 -2.169565828 -2.119446158 -2.021579246
2173.5 538.5 -2.278 -2.278 -2.268 -2.176994294 -1.976994294 -1.976994294 -1.876994294
2173.5 539.5 -2.28 -2.28 -2.27 -2.064837894 -1.864837894 -1.85598169 -1.75598169
2173.5 540.5 -2.132 -2.132 -2.122 -1.950620845 -1.750620845 -1.748824014 -1.648824014
2173.5 541.5 -1.993 -1.993 -1.983 -1.864574749 -1.664574749 -1.664574749 -1.564574749
2173.5 542.5 -1.952 -1.952 -1.942 -1.806913353 -1.606913353 -1.606913353 -1.506913353
2173.5 543.5 -1.916 -1.916 -1.906 -1.76245082 -1.56245082 -1.56245082 -1.46245082
2173.5 544.5 -1.869 -1.869 -1.859 -1.711591358 -1.511591358 -1.511591358 -1.411591358
2173.5 545.5 -1.858 -1.784634143 -1.784634143 -1.65136187 -1.456963329 -1.456963329 -1.356963329
2173.5 546.5 -1.85 -1.723755769 -1.723755769 -1.600098795 -1.413859104 -1.413859104 -1.314208375
2173.5 547.5 -1.836 -1.71374372 -1.71374372 -1.583962557 -1.383962557 -1.377156465 -1.297085113
2173.5 548.5 -1.816 -1.69616673 -1.69616673 -1.618172788 -1.464102801 -1.34109681 -1.303370309
2173.5 549.5 -1.807 -1.797 -1.691438319 -1.691438319 -1.691438319 -1.316292962 -1.315288919
2173.5 550.5 -1.842 -1.832 -1.795627669 -1.795627669 -1.795627669 -1.316469615 -1.316469615
2173.5 551.5 -1.925 -1.925 -1.925 -1.925 -1.925 -1.325 -1.325
2173.5 552.5 -1.922 -1.922 -1.922 -1.922 -1.922 -1.338574716 -1.338574716
2173.5 553.5 -1.947 -1.947 -1.947 -1.947 -1.947 -1.347 -1.347
2173.5 554.5 -1.904 -1.904 -1.904 -1.904 -1.904 -1.317085206 -1.317085206
2173.5 555.5 -1.874 -1.864 -1.859365622 -1.859365622 -1.859365622 -1.278139292 -1.278139292
2173.5 556.5 -1.849 -1.839 -1.839 -1.839 -1.839 -1.246560323 -1.246560323
2173.5 557.5 -1.833 -1.823 -1.823 -1.823 -1.823 -1.226396358 -1.226396358
2173.5 558.5 -1.823 -1.809708415 -1.809708415 -1.809708415 -1.780314769 -1.205867394 -1.204005409
2173.5 559.5 -1.82 -1.781369521 -1.767225006 -1.763506052 -1.702360862 -1.161790792 -1.161790792
2173.5 560.5 -1.828 -1.775166442 -1.775166442 -1.712507511 -1.537194174 -1.109488377 -1.108340104
2173.5 561.5 -1.871 -1.871 -1.861 -1.673373233 -1.473373233 -1.061781801 -1.055378986
2173.5 562.5 -1.961 -1.961 -1.951 -1.638548272 -1.438548272 -1.020246623 -1.011303108
2173.5 563.5 -1.921 -1.921 -1.911 -1.603410587 -1.403410587 -0.9864777099 -0.981213753
2173.5 564.5 -1.829 -1.829 -1.677438568 -1.573115657 -1.511425606 -0.9671323281 -0.9669944413
2173.5 565.5 -1.81 -1.81 -1.560292935 -1.560292935 -1.560292935 -0.9679379353 -0.9679379353
2173.5 566.5 -1.813 -1.813 -1.563942913 -1.563942913 -1.563942913 -0.9839742681 -0.9839742681
2173.5 567.5 -1.826 -1.826 -1.576053319 -1.576053319 -1.576053319 -1.009298135 -1.009298135
2173.5 568.5 -1.836 -1.836 -1.595595099 -1.595595099 -1.595595099 -1.038556583 -1.038556583
2174.5 436 -2.694 -2.694 -2.684 -2.684 -2.484 -2.484 -2.384
2174.5 536.5 -2.677 -2.677 -2.667 -2.667 -2.467 -2.467 -2.367
2174.5 537.5 -2.584 -2.584 -2.494783998 -2.475675596 -2.294460721 -2.276579717 -2.177833053
2174.5 538.5 -2.431 -2.431 -2.421 -2.306629717 -2.106629717 -2.106629717 -2.009145347
2174.5 539.5 -2.339 -2.339 -2.329 -2.165657378 -1.965657378 -1.965657378 -1.865657378
2174.5 540.5 -2.219 -2.219 -2.209 -2.043261001 -1.843261001 -1.843261001 -1.743261001
2174.5 541.5 -2.054 -2.054 -2.044 -1.942117398 -1.744505428 -1.744505428 -1.644505428
2174.5 542.5 -1.995 -1.995 -1.985 -1.879139121 -1.679139121 -1.679139121 -1.579139121
2174.5 543.5 -1.948 -1.948 -1.938 -1.822773521 -1.622773521 -1.622773521 -1.522773521
2174.5 544.5 -1.897 -1.897 -1.887 -1.753073752 -1.553073752 -1.553073752 -1.453073752
2174.5 545.5 -1.855 -1.855 -1.845 -1.669637637 -1.469637637 -1.469637637 -1.369637637
2174.5 546.5 -1.836 -1.577498245 -1.577498245 -1.577498245 -1.390959933 -1.390959933 -1.295570799
2174.5 547.5 -1.822 -1.60514503 -1.60514503 -1.531403961 -1.336862495 -1.336862495 -1.26256841
2174.5 548.5 -1.804 -1.629427989 -1.629427989 -1.551780972 -1.355723339 -1.310839266 -1.271413245
2174.5 549.5 -1.796 -1.6963528 -1.624916158 -1.624916158 -1.599861691 -1.312505195 -1.305415406
2174.5 550.5 -1.812 -1.802 -1.722284342 -1.722284342 -1.722284342 -1.345051568 -1.345051568
2174.5 551.5 -1.838 -1.828 -1.828 -1.828 -1.828 -1.398735021 -1.398735021
2174.5 552.5 -2.028 -2.028 -2.028 -2.028 -2.028 -1.47330179 -1.47330179
2174.5 553.5 -2.144 -2.144 -2.144 -2.144 -2.144 -1.544 -1.52003523
2174.5 554.5 -2.009 -2.009 -2.009 -2.009 -2.009 -1.477498208 -1.477498208
2174.5 555.5 -1.933 -1.933 -1.933 -1.933 -1.933 -1.386676303 -1.386676303
2174.5 556.5 -1.879 -1.879 -1.879 -1.879 -1.879 -1.302009456 -1.302009456
2174.5 557.5 -1.846 -1.846 -1.846 -1.846 -1.846 -1.246544801 -1.246544801
2174.5 558.5 -1.827 -1.827 -1.827 -1.827 -1.827 -1.227 -1.202504841
2174.5 559.5 -1.821 -1.811 -1.752457331 -1.752457331 -1.746997454 -1.146997454 -1.142547377
2174.5 560.5 -1.824 -1.774144897 -1.7582007 -1.682774194 -1.617282189 -1.074234136 -1.074234136
2174.5 561.5 -1.84 -1.84 -1.814071743 -1.62509582 -1.50795348 -1.014633045 -1.012434469
2174.5 562.5 -1.873 -1.873 -1.750850333 -1.577754868 -1.506121306 -0.9673871613 -0.9636147302
2174.5 563.5 -1.848 -1.848 -1.685736876 -1.540069393 -1.478159978 -0.933289119 -0.931183954
2174.5 564.5 -1.825 -1.814099338 -1.506146651 -1.506146651 -1.506146651 -0.9162655856 -0.9162655856
2174.5 565.5 -1.812 -1.802 -1.480429608 -1.480429608 -1.480429608 -0.9213583209 -0.9213583209
2174.5 566.5 -1.817 -1.807 -1.480345474 -1.480345474 -1.480345474 -0.9499966589 -0.9499966589
2174.5 567.5 -1.827 -1.817 -1.508145893 -1.508145893 -1.508145893 -0.9987746446 -0.9987746446
2174.5 568.5 -1.836 -1.826 -1.560438238 -1.560438238 -1.560438238 -1.058850217 -1.058850217
2175.5 436 -2.794 -2.794 -2.794 -2.684778126 -2.484778126 -2.484778126 -2.384778126
2175.5 536.5 -2.826 -2.826 -2.816 -2.780591074 -2.580591074 -2.580591074 -2.480591074
2175.5 537.5 -2.87 -2.87 -2.86 -2.612596071 -2.412596071 -2.392840753 -2.294297144
2175.5 538.5 -2.47 -2.47 -2.394633563 -2.394633563 -2.394633563 -2.206537633 -2.122523897
2175.5 539.5 -2.313 -2.313 -2.24622333 -2.24622333 -2.24622333 -2.064084973 -1.970913353
2175.5 540.5 -2.18 -2.18 -2.17 -2.120869431 -2.032559794 -1.939537866 -1.839537866
2175.5 541.5 -2.108 -2.108 -2.07784303 -2.015888443 -1.830776661 -1.830776661 -1.730776661
2175.5 542.5 -2.071 -2.071 -2.061 -1.941207997 -1.742834939 -1.742834939 -1.642834939
2175.5 543.5 -1.97 -1.97 -1.96 -1.864272832 -1.664272832 -1.664272832 -1.564272832
2175.5 544.5 -1.921 -1.921 -1.911 -1.779134014 -1.579134014 -1.576146746 -1.476146746
2175.5 545.5 -1.85 -1.85 -1.84 -1.674542145 -1.474542145 -1.474542145 -1.374542145
2175.5 546.5 -1.809 -1.57058532 -1.57058532 -1.57058532 -1.378210886 -1.378210886 -1.289287372
2175.5 547.5 -1.803 -1.510751392 -1.510751392 -1.510751392 -1.314263638 -1.314263638 -1.249128501
2175.5 548.5 -1.788 -1.52841965 -1.52841965 -1.512886639 -1.317581042 -1.293671646 -1.25890319
2175.5 549.5 -1.786 -1.606925629 -1.567873933 -1.567873933 -1.520089328 -1.316233712 -1.307746203
2175.5 550.5 -1.797 -1.787 -1.656986545 -1.656986545 -1.656986545 -1.379817454 -1.379817454
2175.5 551.5 -1.822 -1.812 -1.796504068 -1.796504068 -1.796504068 -1.475465867 -1.475465867
2175.5 552.5 -2.058 -2.058 -2.058 -2.058 -2.058 -1.59514048 -1.59514048
2175.5 553.5 -2.303 -2.303 -2.303 -2.303 -2.303 -1.703 -1.681766315
2175.5 554.5 -2.163 -2.163 -2.163 -2.163 -2.163 -1.656298445 -1.656298445
2175.5 555.5 -2.05 -2.05 -2.05 -2.05 -2.05 -1.53908376 -1.53908376
2175.5 556.5 -1.948 -1.948 -1.948 -1.948 -1.948 -1.406367859 -1.406367859
2175.5 557.5 -1.881 -1.881 -1.881 -1.881 -1.881 -1.295254299 -1.295254299
2175.5 558.5 -1.843 -1.833 -1.806694301 -1.806694301 -1.806694301 -1.210034266 -1.210034266
2175.5 559.5 -1.826 -1.816 -1.72906071 -1.72906071 -1.72906071 -1.12906071 -1.12906071
2175.5 560.5 -1.822 -1.777042434 -1.690960984 -1.652872208 -1.652872208 -1.053778393 -1.053778393
2175.5 561.5 -1.822 -1.788708186 -1.75076272 -1.584851831 -1.566316556 -0.991681673 -0.991681673
2175.5 562.5 -1.822 -1.812 -1.634985761 -1.536238656 -1.536238656 -0.9462768215 -0.9462768215
2175.5 563.5 -1.818 -1.806076761 -1.583864419 -1.508872465 -1.508872465 -0.9187615841 -0.9187615841
2175.5 564.5 -1.823 -1.776685484 -1.49237088 -1.49237088 -1.49237088 -0.9104629704 -0.9104629704
2175.5 565.5 -1.826 -1.816 -1.48439007 -1.48439007 -1.48439007 -0.9259619056 -0.9259619056
2175.5 566.5 -1.829 -1.819 -1.503682319 -1.503682319 -1.503682319 -0.9725890907 -0.9725890907
2175.5 567.5 -1.838 -1.828 -1.571498661 -1.571498661 -1.571498661 -1.052824285 -1.052824285
2175.5 568.5 -1.842 -1.832 -1.687280931 -1.687280931 -1.687280931 -1.154120416 -1.154120416
2176.5 436 -2.942 -2.942 -2.942 -2.499346153 -2.350092517 -2.350092517 -2.250092517
2176.5 536.5 -2.854 -2.854 -2.854 -2.783550232 -2.783550232 -2.598108137 -2.503089665
2176.5 537.5 -2.879 -2.879 -2.869 -2.669873923 -2.469873923 -2.45552537 -2.356394282
2176.5 538.5 -2.592 -2.592 -2.533128505 -2.510512803 -2.373331261 -2.303170003 -2.20755563
2176.5 539.5 -2.426 -2.426 -2.416 -2.367824086 -2.167824086 -2.163042667 -2.063042667
2176.5 540.5 -2.273 -2.273 -2.229878495 -2.229878495 -2.132480185 -2.030219985 -1.930219985
2176.5 541.5 -2.174 -2.174 -2.164 -2.126246338 -1.926246338 -1.912117723 -1.812117723
2176.5 542.5 -2.121 -2.121 -2.111 -2.031371668 -1.831371668 -1.800947029 -1.700947029
2176.5 543.5 -2.003 -2.003 -1.993 -1.92435687 -1.72435687 -1.6895114 -1.5895114
2176.5 544.5 -1.895 -1.895 -1.885 -1.797532425 -1.597532425 -1.572457164 -1.472457164
2176.5 545.5 -1.817 -1.659051507 -1.659051507 -1.659051507 -1.459051507 -1.456659483 -1.356659483
2176.5 546.5 -1.785 -1.557178564 -1.553633029 -1.553633029 -1.35482573 -1.35482573 -1.271563063
2176.5 547.5 -1.779 -1.490824773 -1.490824773 -1.490824773 -1.290824773 -1.289488122 -1.231615236
2176.5 548.5 -1.774 -1.477839913 -1.477839913 -1.477839913 -1.284646999 -1.271469749 -1.241214065
2176.5 549.5 -1.769 -1.512320753 -1.512320753 -1.512320753 -1.43479861 -1.303989738 -1.295719267
2176.5 550.5 -1.774 -1.700627079 -1.585684094 -1.585684094 -1.585684094 -1.38451309 -1.38451309
2176.5 551.5 -1.789 -1.779 -1.696657635 -1.696657635 -1.696657635 -1.500924758 -1.500924758
2176.5 552.5 -1.865 -1.865 -1.865 -1.865 -1.865 -1.637142215 -1.637142215
2176.5 553.5 -2.134 -2.134 -2.134 -2.134 -2.134 -1.762303419 -1.762303419
2176.5 554.5 -2.42 -2.42 -2.42 -2.42 -2.42 -1.82 -1.79705751
2176.5 555.5 -2.284 -2.284 -2.284 -2.284 -2.284 -1.697189199 -1.697189199
2176.5 556.5 -2.081 -2.081 -2.081 -2.081 -2.081 -1.528011785 -1.528011785
2176.5 557.5 -1.957 -1.957 -1.957 -1.957 -1.957 -1.366596245 -1.366596245
2176.5 558.5 -1.875 -1.865 -1.835841484 -1.835841484 -1.835841484 -1.236553622 -1.236553622
2176.5 559.5 -1.836 -1.826 -1.734168611 -1.734168611 -1.734168611 -1.136691845 -1.136691845
2176.5 560.5 -1.824 -1.774965896 -1.661301807 -1.644818251 -1.644818251 -1.060118935 -1.060118935
2176.5 561.5 -1.824 -1.763149807 -1.763149807 -1.577258075 -1.502325558 -1.005508082 -1.005508082
2176.5 562.5 -1.83 -1.818763858 -1.763798052 -1.540914156 -1.464532168 -0.9718921998 -0.9718921998
2176.5 563.5 -1.828 -1.818 -1.618796645 -1.532191199 -1.532191199 -0.9575733154 -0.9575733154
2176.5 564.5 -1.834 -1.811657591 -1.548592966 -1.548592966 -1.548592966 -0.9635047372 -0.9635047372
2176.5 565.5 -1.85 -1.84 -1.588910015 -1.588910015 -1.588910015 -0.9947753529 -0.9947753529
2176.5 566.5 -1.872 -1.872 -1.872 -1.660270917 -1.660270917 -1.060270917 -1.060270917
2176.5 567.5 -1.881 -1.881 -1.881 -1.766164093 -1.766164093 -1.166164093 -1.166164093
2176.5 568.5 -1.913 -1.913 -1.913 -1.913 -1.913 -1.313 -1.279899431
2177.5 436 -2.495 -2.495 -2.495 -2.259551678 -2.240818455 -2.154240047 -2.054240047
2177.5 536.5 -2.7 -2.7 -2.69 -2.69 -2.61494669 -2.53615588 -2.447742401
2177.5 537.5 -2.711 -2.711 -2.701 -2.67481398 -2.47481398 -2.451445925 -2.351445925
2177.5 538.5 -2.588 -2.588 -2.578 -2.578 -2.378 -2.336757136 -2.236757136
2177.5 539.5 -2.474 -2.474 -2.464 -2.451962462 -2.251962462 -2.206264839 -2.106264839
2177.5 540.5 -2.391 -2.391 -2.391 -2.334745385 -2.134745385 -2.078161603 -1.978161603
2177.5 541.5 -2.392 -2.392 -2.392 -2.224537802 -2.024537802 -1.949668401 -1.849668401
2177.5 542.5 -2.215 -2.215 -2.215 -2.086991069 -1.886991069 -1.812783645 -1.712783645
2177.5 543.5 -2.234 -2.234 -2.234 -1.931879638 -1.731879638 -1.668081757 -1.568081757
2177.5 544.5 -1.863 -1.863 -1.863 -1.754077863 -1.754077863 -1.524980838 -1.425975575
2177.5 545.5 -1.772 -1.612332339 -1.612332339 -1.612332339 -1.412332339 -1.404398399 -1.30710073
2177.5 546.5 -1.768 -1.511425066 -1.511425066 -1.511425066 -1.311425066 -1.306782581 -1.225818577
2177.5 547.5 -1.768 -1.450638042 -1.450638042 -1.450638042 -1.320884022 -1.244758122 -1.188413274
2177.5 548.5 -1.769 -1.425992937 -1.425992937 -1.425992937 -1.326613423 -1.228434216 -1.19608785
2177.5 549.5 -1.762 -1.437345484 -1.437345484 -1.437345484 -1.365794944 -1.260756253 -1.246984582
2177.5 550.5 -1.773 -1.532589779 -1.485364608 -1.485364608 -1.485364608 -1.338820633 -1.336292227
2177.5 551.5 -1.773 -1.698247732 -1.56980373 -1.56980373 -1.56980373 -1.455339599 -1.455339599
2177.5 552.5 -1.815 -1.805 -1.704377198 -1.704377198 -1.704377198 -1.593130751 -1.593130751
2177.5 553.5 -1.959 -1.959 -1.959 -1.959 -1.959 -1.732545637 -1.732545637
2177.5 554.5 -2.443 -2.443 -2.443 -2.443 -2.443 -1.843 -1.825969593
2177.5 555.5 -2.435 -2.435 -2.435 -2.435 -2.408409783 -1.808409783 -1.783908581
2177.5 556.5 -2.158 -2.158 -2.158 -2.158 -2.148 -1.617794883 -1.617794883
2177.5 557.5 -2.005 -2.005 -2.005 -2.005 -2.005 -1.434496073 -1.434496073
2177.5 558.5 -1.905 -1.895 -1.888708557 -1.888708557 -1.888708557 -1.288708557 -1.288708557
2177.5 559.5 -1.84 -1.83 -1.768533503 -1.768533503 -1.768533503 -1.178406325 -1.178406325
2177.5 560.5 -1.828 -1.760920219 -1.67477346 -1.67477346 -1.67307876 -1.104505362 -1.104505362
2177.5 561.5 -1.835 -1.734419661 -1.734419661 -1.617431537 -1.441407889 -1.063242561 -1.063242561
2177.5 562.5 -1.854 -1.854 -1.854 -1.600710115 -1.400710115 -1.0484312 -1.048205845
2177.5 563.5 -1.84 -1.83 -1.721114085 -1.610775262 -1.564255408 -1.053422981 -1.053422981
2177.5 564.5 -1.847 -1.821954953 -1.720670132 -1.658455219 -1.658455219 -1.077777735 -1.077777735
2177.5 565.5 -1.913 -1.913 -1.913 -1.753932417 -1.725881668 -1.125881668 -1.125881668
2177.5 566.5 -2.054 -2.054 -2.054 -1.887303049 -1.801149293 -1.201149293 -1.201149293
2177.5 567.5 -1.986 -1.986 -1.986 -1.986 -1.897356551 -1.297356551 -1.294532779
2177.5 568.5 -1.933 -1.933 -1.933 -1.933 -1.923 -1.383725067 -1.383725067
2178.5 436 -2.326 -2.326 -2.213293756 -2.056703165 -1.953168361 -1.953168361 -1.853168361
2178.5 536.5 -2.6 -2.6 -2.59 -2.513720191 -2.382580176 -2.382580176 -2.322040715
2178.5 537.5 -2.689 -2.689 -2.679 -2.555525839 -2.355525839 -2.345572046 -2.250240973
2178.5 538.5 -2.584 -2.584 -2.574 -2.548785007 -2.348785007 -2.267837375 -2.167837375
2178.5 539.5 -2.548 -2.548 -2.548 -2.463169949 -2.263169949 -2.161620053 -2.061620053
2178.5 540.5 -2.424 -2.424 -2.424 -2.339302197 -2.139302197 -2.040608039 -1.940608039
2178.5 541.5 -2.252 -2.252 -2.252 -2.193377058 -1.993377058 -1.904786048 -1.804786048
2178.5 542.5 -2.031 -2.031 -2.031 -2.021 -1.973777153 -1.754999708 -1.654999708
2178.5 543.5 -1.922 -1.922 -1.922 -1.851488362 -1.651488362 -1.598587397 -1.498587397
2178.5 544.5 -1.815 -1.815 -1.815 -1.677151124 -1.477151124 -1.44904277 -1.34904277
2178.5 545.5 -1.771 -1.534872873 -1.534872873 -1.534872873 -1.334872873 -1.325830775 -1.228265089
2178.5 546.5 -1.761 -1.439729053 -1.439729053 -1.439729053 -1.239729053 -1.235065491 -1.150759311
2178.5 547.5 -1.756 -1.405734778 -1.384854233 -1.384854233 -1.292113933 -1.180876239 -1.116672106
2178.5 548.5 -1.755 -1.385114127 -1.354174829 -1.354174829 -1.330581378 -1.166234785 -1.120798568
2178.5 549.5 -1.751 -1.343804978 -1.343804978 -1.343804978 -1.298126478 -1.190548529 -1.159253312
2178.5 550.5 -1.755 -1.363779554 -1.362855217 -1.362855217 -1.335910131 -1.251226636 -1.231273145
2178.5 551.5 -1.756 -1.507321286 -1.428648092 -1.428648092 -1.428648092 -1.344840959 -1.335356094
2178.5 552.5 -1.782 -1.741549282 -1.562773972 -1.562773972 -1.562773972 -1.462677945 -1.462677945
2178.5 553.5 -1.83 -1.82 -1.784775498 -1.784775498 -1.784775498 -1.59377758 -1.59377758
2178.5 554.5 -2.085 -2.085 -2.085 -2.085 -2.085 -1.711339521 -1.711339521
2178.5 555.5 -2.398 -2.398 -2.398 -2.398 -2.398 -1.798 -1.728860963
2178.5 556.5 -2.112 -2.112 -2.112 -2.112 -2.112 -1.622735718 -1.622735718
2178.5 557.5 -2.058 -2.058 -2.058 -2.058 -2.058 -1.471693181 -1.471693181
2178.5 558.5 -1.954 -1.954 -1.954 -1.954 -1.954 -1.354 -1.354
2178.5 559.5 -1.84 -1.83 -1.820329969 -1.820329969 -1.820329969 -1.252431857 -1.252431857
2178.5 560.5 -1.834 -1.809647079 -1.751756215 -1.749547771 -1.749547771 -1.190648143 -1.190648143
2178.5 561.5 -1.84 -1.792307992 -1.787564522 -1.709991414 -1.600393385 -1.167163685 -1.165396628
2178.5 562.5 -1.846 -1.821265985 -1.80554294 -1.703829598 -1.503829598 -1.173197734 -1.171128613
2178.5 563.5 -1.858 -1.858 -1.818681513 -1.72337784 -1.568034952 -1.19955037 -1.1988746
2178.5 564.5 -1.877 -1.877 -1.867 -1.779890042 -1.743465742 -1.241510001 -1.241510001
2178.5 565.5 -1.902 -1.902 -1.890005323 -1.890005323 -1.890005323 -1.298192116 -1.298192116
2178.5 566.5 -2.038 -2.038 -2.038 -2.038 -1.967060397 -1.367060397 -1.367060397
2178.5 567.5 -2.001 -2.001 -2.001 -2.001 -1.991 -1.429759867 -1.429759867
2178.5 568.5 -1.896 -1.886 -1.849013918 -1.849013918 -1.849013918 -1.488975714 -1.488975714
2179.5 436 -2.104 -2.104 -2.094 -1.919428606 -1.778984366 -1.778984366 -1.678984366
2179.5 536.5 -2.394 -2.394 -2.394 -2.22656347 -2.22656347 -2.164541891 -2.147397136
2179.5 537.5 -2.775 -2.775 -2.775 -2.310936892 -2.310936892 -2.147495592 -2.085712548
2179.5 538.5 -2.465 -2.465 -2.465 -2.36501442 -2.228949659 -2.101715421 -2.017237452
2179.5 539.5 -2.352 -2.352 -2.352 -2.342 -2.342 -2.030817252 -1.93382245
2179.5 540.5 -2.259 -2.259 -2.259 -2.248967057 -2.048967057 -1.930153565 -1.830153565
2179.5 541.5 -2.148 -2.148 -2.148 -2.092718884 -1.892718884 -1.800813085 -1.700813085
2179.5 542.5 -2.024 -2.024 -2.024 -1.908233143 -1.708233143 -1.65048291 -1.55048291
2179.5 543.5 -1.87 -1.87 -1.87 -1.72612666 -1.52612666 -1.496023013 -1.396023013
2179.5 544.5 -1.799 -1.799 -1.799 -1.565529457 -1.365529457 -1.35296682 -1.25296682
2179.5 545.5 -1.755 -1.435843905 -1.435843905 -1.435843905 -1.236076199 -1.236076199 -1.137405095
2179.5 546.5 -1.748 -1.356824744 -1.356824744 -1.356824744 -1.15861718 -1.15861718 -1.067592736
2179.5 547.5 -1.746 -1.324339272 -1.315498123 -1.315498123 -1.136529914 -1.117616472 -1.038493396
2179.5 548.5 -1.745 -1.341263232 -1.284768063 -1.284768063 -1.171649975 -1.10480556 -1.037567478
2179.5 549.5 -1.74 -1.302387666 -1.256397846 -1.256397846 -1.155708973 -1.114449786 -1.05641161
2179.5 550.5 -1.736 -1.244891901 -1.244891901 -1.244891901 -1.14580606 -1.14580606 -1.096307971
2179.5 551.5 -1.733 -1.315959056 -1.308018706 -1.279094455 -1.217829723 -1.201661451 -1.16343067
2179.5 552.5 -1.739 -1.54267422 -1.386402457 -1.386402457 -1.386402457 -1.28244379 -1.25900029
2179.5 553.5 -1.753 -1.712082457 -1.570768645 -1.570768645 -1.570768645 -1.381492602 -1.372791683
2179.5 554.5 -1.779 -1.779 -1.779 -1.779 -1.779 -1.481342714 -1.481342714
2179.5 555.5 -1.828 -1.828 -1.828 -1.828 -1.828 -1.544924051 -1.544924051
2179.5 556.5 -1.865 -1.865 -1.865 -1.865 -1.865 -1.522016423 -1.522016423
2179.5 557.5 -1.929 -1.929 -1.929 -1.929 -1.929 -1.463286911 -1.463286911
2179.5 558.5 -1.884 -1.884 -1.884 -1.884 -1.884 -1.403286068 -1.403286068
2179.5 559.5 -1.871 -1.871 -1.871 -1.871 -1.861 -1.349811274 -1.349811274
2179.5 560.5 -1.889 -1.879 -1.879 -1.869402805 -1.844842652 -1.321659884 -1.311852746
2179.5 561.5 -1.88 -1.87 -1.87 -1.87 -1.852425367 -1.318942846 -1.303487753
2179.5 562.5 -1.867 -1.857 -1.835264909 -1.835264909 -1.773527438 -1.338706759 -1.328471524
2179.5 563.5 -1.904 -1.904 -1.844034626 -1.833884974 -1.759202951 -1.379286275 -1.375735887
2179.5 564.5 -1.941 -1.941 -1.931 -1.88033566 -1.818093506 -1.437515705 -1.432635928
2179.5 565.5 -1.962 -1.962 -1.962 -1.962 -1.962 -1.503109644 -1.492998758
2179.5 566.5 -2.047 -2.047 -2.047 -2.047 -2.047 -1.562075611 -1.553469241
2179.5 567.5 -1.97 -1.96 -1.96 -1.96 -1.96 -1.607261169 -1.607261169
2179.5 568.5 -1.912 -1.902 -1.826497737 -1.826497737 -1.826497737 -1.654010023 -1.654010023
2180.5 436 -1.898 -1.898 -1.888 -1.815858556 -1.639078981 -1.639078981 -1.539078981
2180.5 536.5 -1.963 -1.963 -1.963 -1.953 -1.953 -1.953 -1.953
2180.5 537.5 -2.073 -2.073 -2.073 -2.052110507 -1.941581834 -1.941581834 -1.893516885
2180.5 538.5 -2.1 -2.1 -2.1 -2.09 -2.09 -1.911346311 -1.831406153
2180.5 539.5 -2.466 -2.466 -2.466 -2.210607375 -2.010607375 -1.863212838 -1.763212838
2180.5 540.5 -2.377 -2.377 -2.377 -2.170728769 -1.970728769 -1.773841189 -1.673841189
2180.5 541.5 -1.928 -1.928 -1.928 -1.918 -1.722247163 -1.651509016 -1.551509016
2180.5 542.5 -1.776 -1.776 -1.776 -1.731458204 -1.531458204 -1.515387568 -1.415387568
2180.5 543.5 -1.713 -1.617462178 -1.617462178 -1.566543772 -1.37761102 -1.37761102 -1.27761102
2180.5 544.5 -1.718 -1.468825528 -1.468825528 -1.434018979 -1.258267017 -1.258267017 -1.158267017
2180.5 545.5 -1.728 -1.345423227 -1.345423227 -1.345423227 -1.168831832 -1.168831832 -1.068831832
2180.5 546.5 -1.734 -1.302140269 -1.302140269 -1.302140269 -1.114350413 -1.114350413 -1.01654893
2180.5 547.5 -1.739 -1.410780762 -1.400324991 -1.279866112 -1.088043158 -1.088043158 -0.9949620679
2180.5 548.5 -1.746 -1.457202464 -1.404074058 -1.25170106 -1.07406962 -1.07406962 -0.9859109267
2180.5 549.5 -1.741 -1.355572697 -1.30788093 -1.208557762 -1.062011907 -1.062011907 -0.9782145328
2180.5 550.5 -1.738 -1.165091291 -1.165091291 -1.165091291 -1.054892898 -1.054892898 -0.9758235287
2180.5 551.5 -1.736 -1.198563896 -1.198563896 -1.148272442 -1.063137461 -1.063137461 -0.9909259494
2180.5 552.5 -1.736 -1.431227001 -1.267362882 -1.186437246 -1.117181381 -1.096134461 -1.034480297
2180.5 553.5 -1.737 -1.492517686 -1.358088067 -1.287841163 -1.255747308 -1.155959154 -1.110025454
2180.5 554.5 -1.74 -1.58100106 -1.419736647 -1.419736647 -1.419736647 -1.234601133 -1.209423582
2180.5 555.5 -1.739 -1.729 -1.53615801 -1.53615801 -1.53615801 -1.312274755 -1.310307578
2180.5 556.5 -1.768 -1.758 -1.686435866 -1.686435866 -1.686435866 -1.378797434 -1.378797434
2180.5 557.5 -1.793 -1.793 -1.793 -1.793 -1.793 -1.420707261 -1.420707261
2180.5 558.5 -1.858 -1.858 -1.858 -1.858 -1.858 -1.446997093 -1.446997093
2180.5 559.5 -1.907 -1.907 -1.907 -1.907 -1.907 -1.473353932 -1.453417447
2180.5 560.5 -1.986 -1.986 -1.986 -1.986 -1.872281539 -1.495162195 -1.453101543
2180.5 561.5 -2.106 -2.106 -2.106 -2.106 -1.918056745 -1.512874861 -1.46739702
2180.5 562.5 -1.982 -1.982 -1.972 -1.972 -1.972 -1.53425592 -1.505831172
2180.5 563.5 -1.953 -1.953 -1.924005463 -1.924005463 -1.924005463 -1.573701905 -1.562052906
2180.5 564.5 -2.019 -2.019 -1.958682148 -1.958682148 -1.958682148 -1.643219407 -1.625465242
2180.5 565.5 -2.033 -2.033 -2.023 -2.023 -2.023 -1.728521015 -1.689270427
2180.5 566.5 -2.094 -2.094 -2.094 -2.094 -1.894 -1.80706569 -1.751902088
2180.5 567.5 -2.098 -2.098 -2.088 -2.074062838 -2.003549024 -1.856077336 -1.812572033
2180.5 568.5 -1.984 -1.974 -1.974 -1.974 -1.974 -1.890976741 -1.871564153
2181.5 436 -1.955 -1.955 -1.945 -1.71359516 -1.51359516 -1.51359516 -1.41359516
2181.5 536.5 -1.856 -1.856 -1.846 -1.776350848 -1.769982957 -1.769982957 -1.762939786
2181.5 537.5 -1.879 -1.869 -1.846377503 -1.846377503 -1.77966494 -1.751248085 -1.700739821
2181.5 538.5 -1.937 -1.927 -1.927 -1.927 -1.87399218 -1.722102957 -1.638550339
2181.5 539.5 -2.171 -2.171 -2.171 -2.05460686 -1.85460686 -1.673458054 -1.573458054
2181.5 540.5 -2.161 -2.161 -2.161 -2.053012298 -1.853012298 -1.592745436 -1.492745436
2181.5 541.5 -1.843 -1.843 -1.843 -1.80671752 -1.60671752 -1.492643752 -1.392643752
2181.5 542.5 -1.836 -1.836 -1.836 -1.602274422 -1.402274422 -1.387965961 -1.287965961
2181.5 543.5 -1.743 -1.450489239 -1.450489239 -1.450489239 -1.286137057 -1.286137057 -1.186137057
2181.5 544.5 -1.708 -1.360285236 -1.360285236 -1.360285236 -1.21287045 -1.21287045 -1.11287045
2181.5 545.5 -1.709 -1.326437875 -1.326437875 -1.326437875 -1.169442321 -1.169442321 -1.069442321
2181.5 546.5 -1.716 -1.419189282 -1.419189282 -1.324919164 -1.146370036 -1.146370036 -1.046370036
2181.5 547.5 -1.742 -1.660269833 -1.652871703 -1.319228555 -1.132613363 -1.132613363 -1.032613363
2181.5 548.5 -1.795 -1.699124946 -1.680163287 -1.288224243 -1.106179524 -1.106179524 -1.006382719
2181.5 549.5 -1.787 -1.511819419 -1.511819419 -1.227601575 -1.062659922 -1.062659922 -0.9638338979
2181.5 550.5 -1.758 -1.268602317 -1.268602317 -1.153346773 -1.013797186 -1.013797186 -0.9163163629
2181.5 551.5 -1.748 -1.100609493 -1.100609493 -1.085275792 -0.9742746652 -0.9742746652 -0.8789590283
2181.5 552.5 -1.748 -1.046150655 -1.046150655 -1.046150655 -0.9581011532 -0.9581011532 -0.8667700206
2181.5 553.5 -1.747 -1.063941673 -1.063941673 -1.063941673 -0.9778075429 -0.9778075429 -0.8939134839
2181.5 554.5 -1.739 -1.163749806 -1.163749806 -1.163749806 -1.040649728 -1.040649728 -0.9688497259
2181.5 555.5 -1.741 -1.731 -1.588958383 -1.348182304 -1.148182304 -1.141168105 -1.085001519
2181.5 556.5 -1.751 -1.741 -1.582665945 -1.582665945 -1.582665945 -1.252125696 -1.218086773
2181.5 557.5 -1.801 -1.801 -1.801 -1.801 -1.801 -1.362775549 -1.34424076
2181.5 558.5 -1.934 -1.934 -1.934 -1.934 -1.934 -1.482613385 -1.451541674
2181.5 559.5 -2.017 -2.017 -2.017 -2.017 -2.017 -1.599696479 -1.536389245
2181.5 560.5 -2.049 -2.039 -2.039 -2.039 -1.839 -1.684192186 -1.601235819
2181.5 561.5 -2.216 -2.216 -2.216 -2.216 -2.016 -1.728362801 -1.647440094
2181.5 562.5 -2.147 -2.147 -2.147 -2.147 -2.036364243 -1.745513686 -1.686975963
2181.5 563.5 -2.033 -2.033 -2.023 -2.023 -2.023 -1.767863552 -1.733381463
2181.5 564.5 -2.072 -2.072 -2.046935927 -2.046935927 -2.046935927 -1.834074238 -1.791896118
2181.5 565.5 -2.162 -2.162 -2.152 -2.152 -1.952 -1.941145368 -1.863738205
2181.5 566.5 -2.266 -2.266 -2.256 -2.255869432 -2.055869432 -2.047061326 -1.947061326
2181.5 567.5 -2.338 -2.338 -2.338 -2.317722148 -2.117722148 -2.117722148 -2.026015241
2181.5 568.5 -2.309 -2.309 -2.309 -2.299 -2.165225102 -2.165225102 -2.09479711
2182.5 436 -1.913 -1.913 -1.903 -1.563880723 -1.363880723 -1.355441732 -1.255441732
2182.5 536.5 -1.846 -1.846 -1.667792221 -1.667792221 -1.667792221 -1.621803398 -1.596426961
2182.5 537.5 -1.823 -1.823 -1.793372808 -1.715146795 -1.59347218 -1.59347218 -1.530904016
2182.5 538.5 -1.86 -1.86 -1.85 -1.768355014 -1.568355014 -1.554900499 -1.465247095
2182.5 539.5 -1.845 -1.845 -1.796832076 -1.796832076 -1.796832076 -1.496214581 -1.397613545
2182.5 540.5 -1.837 -1.827 -1.750087283 -1.750087283 -1.750087283 -1.42327911 -1.325495714
2182.5 541.5 -1.754 -1.744 -1.709571742 -1.626213146 -1.426213146 -1.353218597 -1.253218597
2182.5 542.5 -1.734 -1.718321529 -1.718321529 -1.496508669 -1.296508669 -1.28912726 -1.18912726
2182.5 543.5 -1.731 -1.416820732 -1.416820732 -1.416820732 -1.242935884 -1.242935884 -1.142935884
2182.5 544.5 -1.72 -1.399055779 -1.399055779 -1.399055779 -1.240158601 -1.240158601 -1.140158601
2182.5 545.5 -1.717 -1.428764733 -1.428764733 -1.428764733 -1.272952805 -1.272952805 -1.172952805
2182.5 546.5 -1.743 -1.681357785 -1.681357785 -1.465786381 -1.298404572 -1.298404572 -1.198404572
2182.5 547.5 -1.834 -1.824 -1.824 -1.463929844 -1.282669207 -1.282669207 -1.182669207
2182.5 548.5 -1.925 -1.883530129 -1.883530129 -1.411362509 -1.218867365 -1.218867365 -1.118867365
2182.5 549.5 -1.911 -1.866575265 -1.866575265 -1.322128491 -1.13380253 -1.13380253 -1.03380253
2182.5 550.5 -1.832 -1.666983151 -1.666983151 -1.227035853 -1.049106129 -1.049106129 -0.9491061294
2182.5 551.5 -1.786 -1.136402065 -1.136402065 -1.136402065 -0.9759846371 -0.9759846371 -0.8759846371
2182.5 552.5 -1.762 -1.051196332 -1.051196332 -1.051196332 -0.9229870725 -0.9229870725 -0.8229870725
2182.5 553.5 -1.749 -0.9974454295 -0.9974454295 -0.9974454295 -0.9060945431 -0.9060945431 -0.8060945431
2182.5 554.5 -1.744 -1.053478116 -1.053478116 -1.053478116 -0.9432616947 -0.9432616947 -0.8432616947
2182.5 555.5 -1.749 -1.749 -1.739 -1.236734488 -1.036734488 -1.036734488 -0.9383214576
2182.5 556.5 -1.75 -1.75 -1.74 -1.482318043 -1.282318043 -1.164167084 -1.077238014
2182.5 557.5 -1.802 -1.802 -1.802 -1.802 -1.802 -1.305642121 -1.236334437
2182.5 558.5 -2.049 -2.049 -2.049 -2.049 -2.049 -1.477961359 -1.404072276
2182.5 559.5 -2.17 -2.17 -2.17 -2.17 -2.17 -1.667000978 -1.573550965
2182.5 560.5 -2.317 -2.317 -2.317 -2.317 -2.317 -1.828654253 -1.728654253
2182.5 561.5 -2.311 -2.311 -2.311 -2.301 -2.101 -1.917880661 -1.817880661
2182.5 562.5 -2.268 -2.268 -2.268 -2.243448717 -2.043448717 -1.93454384 -1.844603405
2182.5 563.5 -2.13 -2.13 -2.12 -2.12 -2.12 -1.930054771 -1.862307289
2182.5 564.5 -2.141 -2.141 -2.113880936 -2.113880936 -2.113880936 -1.9649962 -1.900755456
2182.5 565.5 -2.253 -2.253 -2.243 -2.236758145 -2.062634657 -2.062634657 -1.975099889
2182.5 566.5 -2.429 -2.429 -2.419 -2.415373045 -2.215373045 -2.189739709 -2.089739709
2182.5 567.5 -2.59 -2.59 -2.58 -2.554122825 -2.354122825 -2.294874022 -2.194874022
2182.5 568.5 -2.628 -2.628 -2.628 -2.557677048 -2.357677048 -2.357677048 -2.257677048
2183.5 436 -1.951 -1.951 -1.941 -1.342557877 -1.142557877 -1.135612219 -1.035612219
2183.5 536.5 -1.874 -1.874 -1.864 -1.629467079 -1.523500377 -1.523500377 -1.467960052
2183.5 537.5 -1.802 -1.802 -1.76894121 -1.62731999 -1.479003022 -1.479003022 -1.401361633
2183.5 538.5 -1.757 -1.757 -1.736408727 -1.627671826 -1.429507672 -1.429507672 -1.335630948
2183.5 539.5 -1.746 -1.746 -1.736 -1.605424912 -1.405424912 -1.37211839 -1.27211839
2183.5 540.5 -1.724 -1.724 -1.714 -1.552118119 -1.352118119 -1.312453657 -1.212453657
2183.5 541.5 -1.712 -1.712 -1.702 -1.491483583 -1.291483583 -1.264533622 -1.164533622
2183.5 542.5 -1.713 -1.713 -1.703 -1.444086904 -1.244086904 -1.238306017 -1.138306017
2183.5 543.5 -1.716 -1.716 -1.706 -1.450559827 -1.250559827 -1.250559827 -1.150559827
2183.5 544.5 -1.721 -1.721 -1.711 -1.526912669 -1.326912669 -1.326912669 -1.226912669
2183.5 545.5 -1.756 -1.756 -1.746 -1.63138097 -1.468777763 -1.468777763 -1.368777763
2183.5 546.5 -1.847 -1.847 -1.837 -1.705199409 -1.585278409 -1.585278409 -1.485278409
2183.5 547.5 -2.027 -2.027 -2.017 -1.689312265 -1.525910808 -1.525910808 -1.425910808
2183.5 548.5 -2.117 -2.117 -2.107 -1.597155008 -1.397155008 -1.397155008 -1.297155008
2183.5 549.5 -2.096 -2.096 -2.079813041 -1.479813041 -1.279813041 -1.272894687 -1.172894687
2183.5 550.5 -1.997 -1.997 -1.973979675 -1.373979675 -1.173979675 -1.168446416 -1.068446416
2183.5 551.5 -1.896 -1.896 -1.886 -1.286 -1.086 -1.085763709 -0.9857637086
2183.5 552.5 -1.832 -1.832 -1.819581498 -1.219581498 -1.019581498 -1.019581498 -0.9195814985
2183.5 553.5 -1.795 -1.128229845 -1.128229845 -1.128229845 -0.9785898564 -0.9785898564 -0.8785898564
2183.5 554.5 -1.762 -1.12150347 -1.12150347 -1.12150347 -0.9788913889 -0.9788913889 -0.8788913889
2183.5 555.5 -1.746 -1.202734232 -1.202734232 -1.202734232 -1.021237342 -1.021237342 -0.9212373417
2183.5 556.5 -1.743 -1.343512119 -1.343512119 -1.343512119 -1.143512119 -1.109477088 -1.009477088
2183.5 557.5 -1.744 -1.586874017 -1.586874017 -1.586874017 -1.386874017 -1.241494391 -1.141494391
2183.5 558.5 -1.85 -1.85 -1.85 -1.85 -1.85 -1.422017416 -1.324482336
2183.5 559.5 -2.012 -2.012 -2.012 -2.012 -2.012 -1.639040201 -1.545134641
2183.5 560.5 -2.466 -2.466 -2.466 -2.466 -2.466 -1.866 -1.766
2183.5 561.5 -2.609 -2.609 -2.609 -2.609 -2.609 -2.009 -1.909
2183.5 562.5 -2.395 -2.395 -2.395 -2.395 -2.395 -2.035110985 -1.935110985
2183.5 563.5 -2.287 -2.287 -2.277 -2.247369799 -2.047369799 -2.027083325 -1.927724746
2183.5 564.5 -2.216 -2.216 -2.175468778 -2.175468778 -2.142268599 -2.030057409 -1.938577319
2183.5 565.5 -2.315 -2.315 -2.305 -2.242927644 -2.086838147 -2.086838147 -1.990514061
2183.5 566.5 -2.477 -2.477 -2.467 -2.404429946 -2.204429946 -2.190178073 -2.090178073
2183.5 567.5 -2.695 -2.695 -2.685 -2.514139406 -2.314139406 -2.28047588 -2.18047588
2183.5 568.5 -2.83 -2.83 -2.82 -2.534228422 -2.334228422 -2.334228422 -2.234228422
2184.5 436 -1.836 -1.836 -1.667948448 -1.067948448 -0.8679484481 -0.8679484481 -0.7679484481
2184.5 536.5 -1.798 -1.798 -1.71142371 -1.600516634 -1.600516634 -1.461872023 -1.382511238
2184.5 537.5 -1.77 -1.77 -1.741338127 -1.576155491 -1.427664921 -1.412430558 -1.322004839
2184.5 538.5 -1.74 -1.74 -1.73 -1.547584527 -1.360149442 -1.360149442 -1.262465048
2184.5 539.5 -1.714 -1.714 -1.704 -1.506830702 -1.306830702 -1.306830702 -1.206830702
2184.5 540.5 -1.702 -1.702 -1.692 -1.458589465 -1.258589465 -1.258589465 -1.158589465
2184.5 541.5 -1.687 -1.687 -1.677 -1.42740934 -1.22740934 -1.22740934 -1.12740934
2184.5 542.5 -1.679 -1.679 -1.669 -1.430586335 -1.230586335 -1.230586335 -1.130586335
2184.5 543.5 -1.69 -1.660229399 -1.660229399 -1.489500353 -1.289500353 -1.289500353 -1.189500353
2184.5 544.5 -1.735 -1.62014466 -1.62014466 -1.62014466 -1.427875307 -1.427875307 -1.327875307
2184.5 545.5 -1.826 -1.826 -1.816 -1.789710323 -1.659748301 -1.659748301 -1.559748301
2184.5 546.5 -1.918 -1.918 -1.918 -1.918 -1.918 -1.918 -1.818
2184.5 547.5 -2.072 -2.072 -2.062 -1.879292231 -1.752806794 -1.752806794 -1.652806794
2184.5 548.5 -2.218 -2.218 -2.208 -1.78170747 -1.58170747 -1.577803134 -1.477803134
2184.5 549.5 -2.231 -2.231 -2.221 -1.682776909 -1.482776909 -1.436373715 -1.336373715
2184.5 550.5 -2.175 -2.175 -2.165 -1.565 -1.365 -1.326964842 -1.226964842
2184.5 551.5 -1.993 -1.993 -1.983 -1.451354862 -1.251354862 -1.251354862 -1.151354862
2184.5 552.5 -1.893 -1.893 -1.883 -1.405265087 -1.205265087 -1.205265087 -1.105265087
2184.5 553.5 -1.89 -1.89 -1.88 -1.376643655 -1.176643655 -1.176643655 -1.076643655
2184.5 554.5 -1.838 -1.838 -1.828 -1.349340743 -1.149340743 -1.149340743 -1.049340743
2184.5 555.5 -1.777 -1.777 -1.767 -1.32174756 -1.12174756 -1.12174756 -1.02174756
2184.5 556.5 -1.74 -1.311874216 -1.311874216 -1.311874216 -1.116941423 -1.116941423 -1.016941423
2184.5 557.5 -1.73 -1.391071059 -1.391071059 -1.391071059 -1.191071059 -1.191071059 -1.091071059
2184.5 558.5 -1.738 -1.563109 -1.563109 -1.563109 -1.363109 -1.34959236 -1.24959236
2184.5 559.5 -1.772 -1.762 -1.762 -1.762 -1.762 -1.554956813 -1.470333752
2184.5 560.5 -2.042 -2.042 -2.042 -2.042 -2.042 -1.768792456 -1.694932458
2184.5 561.5 -2.486 -2.486 -2.486 -2.486 -2.486 -1.937022051 -1.85222573
2184.5 562.5 -2.573 -2.573 -2.573 -2.573 -2.573 -2.016714879 -1.916714879
2184.5 563.5 -2.344 -2.344 -2.344 -2.344 -2.344 -2.02436265 -1.92436265
2184.5 564.5 -2.243 -2.243 -2.233 -2.228062425 -2.182220681 -2.016390272 -1.916390272
2184.5 565.5 -2.188 -2.188 -2.178 -2.178 -2.178 -2.027611068 -1.928893165
2184.5 566.5 -2.264 -2.264 -2.246175687 -2.246175687 -2.072902207 -2.072902207 -1.972902207
2184.5 567.5 -2.35 -2.35 -2.34 -2.328722283 -2.128722283 -2.128722283 -2.028722283
2184.5 568.5 -2.346 -2.346 -2.336 -2.336 -2.171324162 -2.171324162 -2.071324162
2185.5 436 -1.966 -1.166 -1.166 -0.8073017432 -0.6073017432 -0.6073017432 -0.5073017432
2185.5 536.5 -1.873 -1.825266538 -1.733701431 -1.596505517 -1.547588332 -1.433894675 -1.339804231
2185.5 537.5 -1.844 -1.798239513 -1.78755496 -1.568136951 -1.390976873 -1.390976873 -1.292965208
2185.5 538.5 -1.827 -1.772189614 -1.771762001 -1.533501601 -1.345588653 -1.345588653 -1.245724581
2185.5 539.5 -1.802 -1.72426124 -1.706441123 -1.491860807 -1.300139134 -1.300139134 -1.200139134
2185.5 540.5 -1.799 -1.657036518 -1.657036518 -1.452296102 -1.261976155 -1.261976155 -1.161976155
2185.5 541.5 -1.795 -1.641198207 -1.641198207 -1.436241225 -1.244853154 -1.244853154 -1.144853154
2185.5 542.5 -1.787 -1.575129859 -1.575129859 -1.466324029 -1.269168009 -1.269168009 -1.169168009
2185.5 543.5 -1.803 -1.555499434 -1.555499434 -1.555499434 -1.355529875 -1.355529875 -1.255529875
2185.5 544.5 -1.864 -1.864 -1.854 -1.711375068 -1.511375068 -1.511245559 -1.411245559
2185.5 545.5 -1.953 -1.953 -1.943 -1.893220936 -1.693220936 -1.693220936 -1.593220936
2185.5 546.5 -2.088 -2.088 -2.078 -2.005691658 -1.833643092 -1.833643092 -1.733643092
2185.5 547.5 -2.251 -2.251 -2.241 -1.999159322 -1.799159322 -1.799159322 -1.699159322
2185.5 548.5 -2.471 -2.471 -2.461 -1.930417937 -1.730417937 -1.694075052 -1.594075052
2185.5 549.5 -2.609 -2.609 -2.485361898 -1.885361898 -1.685361898 -1.573406145 -1.473406145
2185.5 550.5 -2.48 -2.48 -2.348568145 -1.748568145 -1.548568145 -1.473738469 -1.373738469
2185.5 551.5 -2.199 -2.199 -2.189 -1.61610525 -1.41610525 -1.41610525 -1.31610525
2185.5 552.5 -2.121 -2.121 -2.111 -1.596430438 -1.396430438 -1.396430438 -1.296430438
2185.5 553.5 -2.146 -2.146 -2.136 -1.60249203 -1.40249203 -1.384115859 -1.284115859
2185.5 554.5 -2.089 -2.089 -2.079 -1.541385112 -1.341385112 -1.337714689 -1.237714689
2185.5 555.5 -1.976 -1.976 -1.966 -1.462820192 -1.262820192 -1.262820192 -1.162820192
2185.5 556.5 -1.885 -1.885 -1.875 -1.39495843 -1.19495843 -1.19495843 -1.09495843
2185.5 557.5 -1.842 -1.357517542 -1.357517542 -1.357517542 -1.200205721 -1.200205721 -1.100205721
2185.5 558.5 -1.839 -1.442842575 -1.442842575 -1.442842575 -1.313084254 -1.313084254 -1.213084254
2185.5 559.5 -1.864 -1.734057806 -1.733272223 -1.666560874 -1.488995317 -1.488995317 -1.406756412
2185.5 560.5 -2.003 -1.993 -1.993 -1.993 -1.993 -1.670866382 -1.613517288
2185.5 561.5 -2.394 -2.394 -2.394 -2.394 -2.384 -1.827143136 -1.770315725
2185.5 562.5 -2.619 -2.619 -2.609 -2.522131361 -2.322131361 -1.929247489 -1.852717813
2185.5 563.5 -2.545 -2.545 -2.535 -2.452080346 -2.4326671 -1.964527989 -1.872674016
2185.5 564.5 -2.402 -2.402 -2.392 -2.367046938 -2.367046938 -1.962340781 -1.862340781
2185.5 565.5 -2.29 -2.29 -2.28 -2.259339056 -2.108852594 -1.954657588 -1.854657588
2185.5 566.5 -2.302 -2.302 -2.292 -2.264197595 -2.064197595 -1.965201605 -1.865201605
2185.5 567.5 -2.336 -2.336 -2.326 -2.325869545 -2.125869545 -1.994463562 -1.894463562
2185.5 568.5 -2.342 -2.342 -2.332 -2.304090703 -2.104090703 -2.031621803 -1.931621803
2186.5 436 -1.888 -1.088 -1.088 -0.6028159898 -0.4028159898 -0.4028159898 -0.3028159898
2186.5 536.5 -1.91 -1.79196224 -1.79196224 -1.612856247 -1.430902266 -1.430902266 -1.330902266
2186.5 537.5 -1.85 -1.815839064 -1.812253767 -1.595114671 -1.403099575 -1.403099575 -1.303099575
2186.5 538.5 -1.818 -1.784956174 -1.784956174 -1.572558963 -1.373124414 -1.373124414 -1.273124414
2186.5 539.5 -1.817 -1.666962957 -1.666962957 -1.540333539 -1.340956515 -1.340956515 -1.240956515
2186.5 540.5 -1.868 -1.508096165 -1.508096165 -1.508096165 -1.314020547 -1.314020547 -1.214020547
2186.5 541.5 -1.856 -1.644256361 -1.522729216 -1.499155406 -1.306523086 -1.306523086 -1.206523086
2186.5 542.5 -1.806 -1.534445171 -1.534445171 -1.534445171 -1.335832551 -1.335832551 -1.235832551
2186.5 543.5 -1.809 -1.809 -1.799 -1.615690255 -1.415690255 -1.413805702 -1.313805702
2186.5 544.5 -1.845 -1.845 -1.835 -1.725630829 -1.525630829 -1.525630829 -1.425630829
2186.5 545.5 -1.925 -1.925 -1.915 -1.846180427 -1.646180427 -1.646180427 -1.546180427
2186.5 546.5 -2.036 -2.036 -2.026 -1.931457158 -1.731457158 -1.731457158 -1.631457158
2186.5 547.5 -2.199 -2.199 -2.189 -1.954058293 -1.754058293 -1.754058293 -1.654058293
2186.5 548.5 -2.43 -2.43 -2.42 -1.932264504 -1.732264504 -1.710423107 -1.610423107
2186.5 549.5 -2.714 -2.714 -2.499046772 -1.899046772 -1.699046772 -1.629618514 -1.529618514
2186.5 550.5 -2.538 -2.538 -2.401092291 -1.801092291 -1.601092291 -1.554072227 -1.454072227
2186.5 551.5 -2.287 -2.287 -2.277 -1.712136128 -1.512136128 -1.512136128 -1.412136128
2186.5 552.5 -2.33 -2.33 -2.32 -1.72 -1.52 -1.503761674 -1.403761674
2186.5 553.5 -2.359 -2.359 -2.349 -1.749 -1.549 -1.487660934 -1.387660934
2186.5 554.5 -2.225 -2.225 -2.215 -1.645233863 -1.445233863 -1.440182134 -1.340182134
2186.5 555.5 -2.054 -2.054 -2.044 -1.565229628 -1.365229628 -1.365229628 -1.265229628
2186.5 556.5 -1.941 -1.941 -1.931 -1.500257448 -1.300257448 -1.300257448 -1.200257448
2186.5 557.5 -1.862 -1.862 -1.852 -1.467330763 -1.285858289 -1.285858289 -1.185858289
2186.5 558.5 -1.848 -1.498517844 -1.498517844 -1.498517844 -1.364379345 -1.364379345 -1.264379345
2186.5 559.5 -1.872 -1.833199305 -1.822035183 -1.687976439 -1.499399515 -1.499399515 -1.416582166
2186.5 560.5 -1.993 -1.993 -1.993 -1.993 -1.983 -1.63732068 -1.588054517
2186.5 561.5 -2.18 -2.18 -2.18 -2.18 -2.162843158 -1.75686113 -1.725628088
2186.5 562.5 -2.465 -2.465 -2.455 -2.363793508 -2.183209986 -1.845285194 -1.803348001
2186.5 563.5 -2.5 -2.5 -2.49 -2.49 -2.413352562 -1.893049489 -1.823885586
2186.5 564.5 -2.578 -2.578 -2.578 -2.578 -2.378 -1.907099095 -1.811500231
2186.5 565.5 -2.357 -2.357 -2.357 -2.357 -2.157 -1.898731184 -1.798731184
2186.5 566.5 -2.373 -2.373 -2.373 -2.373 -2.173 -1.896121427 -1.796121427
2186.5 567.5 -2.513 -2.513 -2.513 -2.513 -2.313 -1.907378588 -1.807378588
2186.5 568.5 -2.389 -2.389 -2.389 -2.389 -2.189 -1.928397113 -1.828397113
2187.5 436 -1.851 -1.051 -1.051 -0.4810105636 -0.2810105636 -0.2810105636 -0.1810105636
2187.5 536.5 -1.957 -1.831031455 -1.8073465 -1.634233703 -1.439719438 -1.439719438 -1.339719438
2187.5 537.5 -1.907 -1.817742586 -1.817742586 -1.631850389 -1.431850389 -1.430170754 -1.330170754
2187.5 538.5 -1.882 -1.882 -1.872 -1.62630518 -1.42630518 -1.417560195 -1.317560195
2187.5 539.5 -1.852 -1.852 -1.842 -1.605091231 -1.405091231 -1.399832798 -1.299832798
2187.5 540.5 -1.954 -1.584790466 -1.584790466 -1.584790466 -1.384790466 -1.384790466 -1.284790466
2187.5 541.5 -1.984 -1.582070004 -1.582070004 -1.582070004 -1.382070004 -1.382070004 -1.282070004
2187.5 542.5 -1.847 -1.68221766 -1.68221766 -1.598038274 -1.398038274 -1.398038274 -1.298038274
2187.5 543.5 -1.814 -1.73089985 -1.73089985 -1.636797357 -1.436797357 -1.436797357 -1.336797357
2187.5 544.5 -1.824 -1.824 -1.814 -1.694909439 -1.494909439 -1.494909439 -1.394909439
2187.5 545.5 -1.882 -1.882 -1.872 -1.764400948 -1.564400948 -1.564400948 -1.464400948
2187.5 546.5 -1.984 -1.984 -1.974 -1.825724647 -1.625724647 -1.625724647 -1.525724647
2187.5 547.5 -2.078 -2.078 -2.068 -1.859164418 -1.659164418 -1.659164418 -1.559164418
2187.5 548.5 -2.232 -2.232 -2.222 -1.851352215 -1.651352215 -1.651352215 -1.551352215
2187.5 549.5 -2.432 -2.432 -2.422 -1.822 -1.622 -1.607857962 -1.507857962
2187.5 550.5 -2.367 -2.367 -2.357 -1.757 -1.557 -1.555389366 -1.455389366
2187.5 551.5 -2.237 -2.237 -2.227 -1.716336562 -1.516336562 -1.516336562 -1.416336562
2187.5 552.5 -2.362 -2.362 -2.322079977 -1.722079977 -1.522079977 -1.497795823 -1.397795823
2187.5 553.5 -2.446 -1.670808982 -1.670808982 -1.670808982 -1.470808982 -1.470808982 -1.370808982
2187.5 554.5 -2.259 -2.259 -2.249 -1.6573426 -1.4573426 -1.4573426 -1.3573426
2187.5 555.5 -2.098 -2.098 -2.088 -1.637690406 -1.437690406 -1.437690406 -1.337690406
2187.5 556.5 -1.953 -1.953 -1.943 -1.623234183 -1.423234183 -1.423234183 -1.323234183
2187.5 557.5 -1.89 -1.705049621 -1.705049621 -1.625530012 -1.442769864 -1.442769864 -1.342769864
2187.5 558.5 -1.863 -1.666920406 -1.666920406 -1.666920406 -1.516776489 -1.516776489 -1.416776489
2187.5 559.5 -1.87 -1.845487878 -1.845487878 -1.763364069 -1.617790987 -1.617790987 -1.531166917
2187.5 560.5 -1.893 -1.883 -1.883 -1.883 -1.883 -1.701373342 -1.652846108
2187.5 561.5 -2.03 -2.03 -1.997009641 -1.997009641 -1.997009641 -1.760880786 -1.747031425
2187.5 562.5 -2.193 -2.193 -2.183 -2.183 -2.183 -1.803918145 -1.795264833
2187.5 563.5 -2.514 -2.514 -2.514 -2.514 -2.314 -1.832455429 -1.800435611
2187.5 564.5 -2.607 -2.607 -2.607 -2.607 -2.407 -1.846246937 -1.77872618
2187.5 565.5 -2.349 -2.349 -2.349 -2.349 -2.149 -1.850059979 -1.753361559
2187.5 566.5 -2.296 -2.296 -2.296 -2.296 -2.096 -1.846589723 -1.746589723
2187.5 567.5 -2.319 -2.319 -2.319 -2.319 -2.119 -1.849556963 -1.749556963
2187.5 568.5 -2.316 -2.316 -2.316 -2.316 -2.116 -1.858976835 -1.758976835
2188.5 436 -1.79 -0.99 -0.99 -0.4541044054 -0.2541044054 -0.2541044054 -0.1541044054
2188.5 536.5 -1.858 -1.774239033 -1.774239033 -1.647748823 -1.447748823 -1.447092269 -1.347092269
2188.5 537.5 -1.949 -1.949 -1.939 -1.653006202 -1.453006202 -1.44483287 -1.34483287
2188.5 538.5 -1.947 -1.947 -1.937 -1.646127903 -1.446127903 -1.438727654 -1.338727654
2188.5 539.5 -1.876 -1.876 -1.846100091 -1.634945086 -1.434945086 -1.43229646 -1.33229646
2188.5 540.5 -1.984 -1.984 -1.974 -1.6377391 -1.4377391 -1.431107685 -1.331107685
2188.5 541.5 -2.056 -2.056 -2.046 -1.642833179 -1.442833179 -1.431780005 -1.331780005
2188.5 542.5 -1.881 -1.881 -1.871 -1.638419685 -1.438419685 -1.431737046 -1.331737046
2188.5 543.5 -1.807 -1.807 -1.797 -1.636905833 -1.436905833 -1.436905833 -1.336905833
2188.5 544.5 -1.808 -1.808 -1.798 -1.653984402 -1.453984402 -1.453984402 -1.353984402
2188.5 545.5 -1.839 -1.839 -1.829 -1.685797697 -1.485797697 -1.485797697 -1.385797697
2188.5 546.5 -1.907 -1.907 -1.897 -1.726627713 -1.526627713 -1.526627713 -1.426627713
2188.5 547.5 -1.957 -1.957 -1.947 -1.758713862 -1.558713862 -1.558713862 -1.458713862
2188.5 548.5 -2.022 -2.022 -2.012 -1.769666848 -1.569666848 -1.569666848 -1.469666848
2188.5 549.5 -2.1 -2.1 -2.09 -1.752451072 -1.552451072 -1.552451072 -1.452451072
2188.5 550.5 -2.101 -2.101 -2.091 -1.713841599 -1.513841599 -1.513841599 -1.413841599
2188.5 551.5 -2.077 -2.077 -2.067 -1.67201092 -1.47201092 -1.47201092 -1.37201092
2188.5 552.5 -2.155 -2.155 -2.145 -1.639989974 -1.439989974 -1.439989974 -1.339989974
2188.5 553.5 -2.2 -2.2 -2.19 -1.624616776 -1.424616776 -1.424616776 -1.324616776
2188.5 554.5 -2.178 -2.178 -2.168 -1.652168855 -1.452168855 -1.450804595 -1.350804595
2188.5 555.5 -2.104 -2.104 -2.094 -1.730914029 -1.530914029 -1.494541782 -1.394541782
2188.5 556.5 -2.046 -2.046 -2.036 -1.809516816 -1.609516816 -1.554334787 -1.454334787
2188.5 557.5 -1.985 -1.985 -1.975 -1.863393418 -1.663393418 -1.636834356 -1.536834356
2188.5 558.5 -1.941 -1.941 -1.931 -1.916422182 -1.73493275 -1.73493275 -1.63493275
2188.5 559.5 -1.962 -1.962 -1.952 -1.952 -1.822408964 -1.822408964 -1.728346858
2188.5 560.5 -1.963 -1.963 -1.953 -1.953 -1.862324394 -1.862324394 -1.79583353
2188.5 561.5 -1.979 -1.979 -1.969 -1.969 -1.969 -1.853992735 -1.828251531
2188.5 562.5 -2.055 -2.055 -2.055 -2.055 -2.045 -1.823609307 -1.823609307
2188.5 563.5 -2.258 -2.258 -2.258 -2.258 -2.248 -1.795761329 -1.795761329
2188.5 564.5 -2.246 -2.246 -2.246 -2.246 -2.236 -1.781900875 -1.761238564
2188.5 565.5 -2.141 -2.141 -2.141 -2.141 -2.131 -1.792414511 -1.728893105
2188.5 566.5 -2.163 -2.163 -2.153 -2.153 -1.953 -1.812417508 -1.712417508
2188.5 567.5 -2.253 -2.253 -2.253 -2.253 -2.053 -1.818584057 -1.718584057
2188.5 568.5 -2.232 -2.232 -2.222 -2.216258077 -2.016258077 -1.826842564 -1.726842564
2189.5 436 -1.78 -0.98 -0.98 -0.5221456904 -0.3221456904 -0.3221456904 -0.2221456904
2189.5 536.5 -1.854 -1.721287794 -1.701958215 -1.636535824 -1.436535824 -1.434247946 -1.334247946
2189.5 537.5 -1.926 -1.916 -1.643773648 -1.643773648 -1.531536568 -1.429528016 -1.32963146
2189.5 538.5 -1.943 -1.933 -1.641922508 -1.641528208 -1.526870815 -1.423767211 -1.323767211
2189.5 539.5 -1.893 -1.848115781 -1.768897552 -1.631803242 -1.431803242 -1.419643184 -1.319643184
2189.5 540.5 -1.931 -1.820286404 -1.820286404 -1.624376865 -1.424376865 -1.420076302 -1.320076302
2189.5 541.5 -1.958 -1.876600476 -1.876600476 -1.620869226 -1.420869226 -1.420869226 -1.320869226
2189.5 542.5 -1.884 -1.871398341 -1.871398341 -1.617243762 -1.418610151 -1.418610151 -1.318610151
2189.5 543.5 -1.812 -1.802 -1.7460247 -1.615871843 -1.419299713 -1.419299713 -1.319299713
2189.5 544.5 -1.796 -1.738143008 -1.738143008 -1.628290412 -1.428290412 -1.428290412 -1.328290412
2189.5 545.5 -1.804 -1.794 -1.782225982 -1.648261404 -1.448466698 -1.448466698 -1.348466698
2189.5 546.5 -1.826 -1.826 -1.816 -1.682172097 -1.482172097 -1.482172097 -1.382172097
2189.5 547.5 -1.847 -1.847 -1.837 -1.718547369 -1.518547369 -1.518547369 -1.418547369
2189.5 548.5 -1.872 -1.872 -1.862 -1.743886171 -1.543886171 -1.543886171 -1.443886171
2189.5 549.5 -1.905 -1.905 -1.895 -1.742362359 -1.542362359 -1.542362359 -1.442362359
2189.5 550.5 -1.944 -1.944 -1.934 -1.709918043 -1.509918043 -1.509918043 -1.409918043
2189.5 551.5 -2.014 -2.014 -2.004 -1.651869695 -1.451869695 -1.451869695 -1.351869695
2189.5 552.5 -2.048 -2.048 -2.038 -1.591743298 -1.391743298 -1.391743298 -1.291743298
2189.5 553.5 -2.079 -2.079 -2.069 -1.571958351 -1.371958351 -1.371958351 -1.271958351
2189.5 554.5 -2.161 -2.161 -2.151 -1.642405426 -1.442405426 -1.414196709 -1.314196709
2189.5 555.5 -2.293 -2.293 -2.283 -1.838151973 -1.638151973 -1.50004121 -1.40004121
2189.5 556.5 -2.209 -2.209 -2.199 -2.049441667 -1.849441667 -1.622882251 -1.522882251
2189.5 557.5 -2.147 -2.147 -2.137 -2.117958322 -1.917958322 -1.775414982 -1.675414982
2189.5 558.5 -2.154 -2.154 -2.144 -2.144 -1.944 -1.923968809 -1.823968809
2189.5 559.5 -2.246 -2.246 -2.236 -2.220516154 -2.020516154 -2.020516154 -1.920516154
2189.5 560.5 -2.214 -2.214 -2.204 -2.204 -2.035030837 -2.035030837 -1.946861035
2189.5 561.5 -2.109 -2.109 -2.099 -2.099 -1.984085161 -1.984085161 -1.920802437
2189.5 562.5 -2.067 -2.067 -2.067 -2.067 -2.057 -1.886492035 -1.862727768
2189.5 563.5 -2.09 -2.09 -2.09 -2.09 -2.08 -1.793727967 -1.793727967
2189.5 564.5 -2.033 -2.033 -2.033 -2.033 -2.023 -1.74395192 -1.74395192
2189.5 565.5 -2.027 -2.027 -2.014780839 -2.014780839 -2.014780839 -1.745380911 -1.715593452
2189.5 566.5 -2.051 -2.051 -2.041 -2.041 -1.924082206 -1.780744339 -1.702372851
2189.5 567.5 -2.21 -2.21 -2.2 -2.13058532 -1.93058532 -1.814732686 -1.714732686
2189.5 568.5 -2.302 -2.302 -2.292 -2.171704072 -1.971704072 -1.840145897 -1.740145897
2190.5 436 -1.83 -1.03 -1.03 -0.6756322476 -0.4756322476 -0.4756322476 -0.3756322476
2190.5 536.5 -1.963 -1.590124363 -1.590124363 -1.590124363 -1.390124363 -1.388875793 -1.288875793
2190.5 537.5 -2.061 -1.628504636 -1.628504636 -1.628504636 -1.428504636 -1.382907387 -1.282907387
2190.5 538.5 -2.038 -1.635929252 -1.635929252 -1.635929252 -1.435929252 -1.373064646 -1.273064646
2190.5 539.5 -1.924 -1.752223211 -1.752223211 -1.615480907 -1.415480907 -1.362864731 -1.262864731
2190.5 540.5 -1.845 -1.835 -1.768271912 -1.593478446 -1.393478446 -1.3617422 -1.262075712
2190.5 541.5 -1.863 -1.818506638 -1.755162512 -1.586890656 -1.386890656 -1.370680241 -1.270680241
2190.5 542.5 -1.847 -1.737094973 -1.737094973 -1.594430383 -1.394430383 -1.385393491 -1.285393491
2190.5 543.5 -1.804 -1.792417574 -1.767815092 -1.616115403 -1.416115403 -1.405474689 -1.305474689
2190.5 544.5 -1.791 -1.77376498 -1.77376498 -1.656812214 -1.456812214 -1.434088115 -1.334088115
2190.5 545.5 -1.807 -1.797 -1.779170892 -1.707821691 -1.507821691 -1.47080589 -1.37080589
2190.5 546.5 -1.858 -1.858 -1.848 -1.768145792 -1.568145792 -1.513990134 -1.413990134
2190.5 547.5 -1.893 -1.893 -1.883 -1.838210923 -1.638210923 -1.555603054 -1.455603054
2190.5 548.5 -1.948 -1.948 -1.938 -1.902465511 -1.702465511 -1.584628474 -1.484628474
2190.5 549.5 -1.957 -1.957 -1.947 -1.929701676 -1.729701676 -1.587385035 -1.487385035
2190.5 550.5 -2.051 -2.051 -2.041 -1.864204189 -1.664204189 -1.55380474 -1.45380474
2190.5 551.5 -2.001 -2.001 -1.991 -1.729578005 -1.529578005 -1.481748992 -1.381748992
2190.5 552.5 -1.956 -1.956 -1.946 -1.5953143 -1.3953143 -1.3953143 -1.2953143
2190.5 553.5 -2.018 -2.018 -2.008 -1.540754225 -1.340754225 -1.340754225 -1.240754225
2190.5 554.5 -2.041 -2.041 -2.031 -1.594563686 -1.394563686 -1.365302469 -1.265302469
2190.5 555.5 -2.106 -2.106 -2.096 -1.839163581 -1.639163581 -1.449059932 -1.349059932
2190.5 556.5 -2.184 -2.184 -2.184 -2.184 -1.984 -1.585500796 -1.485500796
2190.5 557.5 -2.159 -2.159 -2.149 -2.149 -1.949 -1.760669482 -1.660669482
2190.5 558.5 -2.289 -2.289 -2.279 -2.209361813 -2.009361813 -1.937672653 -1.837672653
2190.5 559.5 -2.538 -2.538 -2.528 -2.290284784 -2.090284784 -2.060897495 -1.960897495
2190.5 560.5 -2.56 -2.56 -2.55 -2.302725075 -2.102725075 -2.09519379 -1.99519379
2190.5 561.5 -2.357 -2.357 -2.347 -2.243338683 -2.043338683 -2.043338683 -1.943338683
2190.5 562.5 -2.086 -2.086 -2.076 -2.076 -1.910754742 -1.910754742 -1.862407983
2190.5 563.5 -1.984 -1.974 -1.974 -1.974 -1.955827836 -1.79219204 -1.785361489
2190.5 564.5 -1.974 -1.964 -1.948842479 -1.948842479 -1.948842479 -1.727351444 -1.727351444
2190.5 565.5 -1.994 -1.984 -1.984 -1.984 -1.984 -1.720812925 -1.70376044
2190.5 566.5 -2.075 -2.075 -2.075 -2.075 -2.043514707 -1.767696745 -1.702218772
2190.5 567.5 -2.141 -2.141 -2.131 -2.131 -1.931 -1.829639792 -1.729639792
2190.5 568.5 -2.244 -2.244 -2.234 -2.18575517 -1.98575517 -1.878691278 -1.778691278
2191.5 436 -1.875 -1.075 -1.075 -0.9019179714 -0.7019179714 -0.6981752408 -0.5981752408
2191.5 536.5 -1.95 -1.496954105 -1.496954105 -1.496954105 -1.296954105 -1.296954105 -1.198284492
2191.5 537.5 -2.19 -2.19 -2.18 -1.58 -1.38 -1.292102881 -1.192102881
2191.5 538.5 -2.171 -2.171 -2.161 -1.608089946 -1.408089946 -1.27767051 -1.179360324
2191.5 539.5 -1.891 -1.82927998 -1.817411801 -1.595804716 -1.494823154 -1.26201243 -1.171983365
2191.5 540.5 -1.809 -1.759097196 -1.697971545 -1.591751448 -1.485839858 -1.270759272 -1.179146345
2191.5 541.5 -1.821 -1.661975133 -1.661975133 -1.600981278 -1.400981278 -1.302388924 -1.204258685
2191.5 542.5 -1.827 -1.613454251 -1.613454251 -1.613454251 -1.413454251 -1.346698318 -1.246698318
2191.5 543.5 -1.791 -1.748778168 -1.748778168 -1.649701631 -1.449701631 -1.400720223 -1.300720223
2191.5 544.5 -1.812 -1.802 -1.802 -1.733708453 -1.533708453 -1.46803655 -1.36803655
2191.5 545.5 -1.966 -1.966 -1.919004345 -1.862884738 -1.662884738 -1.544958329 -1.444958329
2191.5 546.5 -1.999 -1.999 -1.989 -1.989 -1.989 -1.618553217 -1.518553217
2191.5 547.5 -2.214 -2.214 -2.204 -2.079257738 -1.879257738 -1.673367135 -1.573367135
2191.5 548.5 -2.252 -2.252 -2.242 -2.242 -2.042 -1.703934627 -1.603934627
2191.5 549.5 -2.696 -2.696 -2.686 -2.340063813 -2.140063813 -1.708024932 -1.608024932
2191.5 550.5 -2.81 -2.81 -2.8 -2.2 -2 -1.66641737 -1.56641737
2191.5 551.5 -2.597 -2.597 -2.559997881 -1.959997881 -1.759997881 -1.575144757 -1.475144757
2191.5 552.5 -2.206 -2.206 -2.196 -1.695316995 -1.495316995 -1.462907141 -1.362907141
2191.5 553.5 -1.98 -1.98 -1.97 -1.56039016 -1.371722976 -1.371722976 -1.271722976
2191.5 554.5 -1.972 -1.926472528 -1.926472528 -1.555419597 -1.355419597 -1.349916478 -1.249916478
2191.5 555.5 -1.966 -1.956 -1.838060269 -1.694622047 -1.494622047 -1.388558514 -1.288558514
2191.5 556.5 -1.992 -1.982 -1.917262493 -1.879320407 -1.879320407 -1.483840397 -1.383840397
2191.5 557.5 -2.056 -2.056 -1.944155639 -1.944155639 -1.944155639 -1.61943323 -1.520036852
2191.5 558.5 -2.121 -2.121 -2.004365744 -2.004365744 -2.004365744 -1.764766179 -1.668145228
2191.5 559.5 -2.36 -2.36 -2.294574876 -2.082473141 -1.882473141 -1.882473141 -1.784727622
2191.5 560.5 -2.593 -2.593 -2.583 -2.13767433 -1.93767433 -1.93767433 -1.838251408
2191.5 561.5 -2.39 -2.39 -2.38 -2.113423912 -1.913423912 -1.913423912 -1.827562396
2191.5 562.5 -2.065 -2.065 -1.996585201 -1.996585201 -1.996585201 -1.825172356 -1.783945625
2191.5 563.5 -2.028 -1.938603916 -1.938603916 -1.938603916 -1.863539171 -1.746986782 -1.737571509
2191.5 564.5 -1.969 -1.959 -1.958817294 -1.958817294 -1.958817294 -1.704715037 -1.702848786
2191.5 565.5 -2.036 -2.036 -2.036 -2.036 -2.026 -1.713040277 -1.689941179
2191.5 566.5 -2.187 -2.187 -2.187 -2.187 -2.017859753 -1.768109013 -1.701395724
2191.5 567.5 -2.231 -2.231 -2.221 -2.179204308 -1.979204308 -1.841269441 -1.741269441
2191.5 568.5 -2.336 -2.336 -2.326 -2.184807654 -1.984807654 -1.905936541 -1.805936541
2192.5 436 -1.835 -1.37208595 -1.37208595 -1.211873427 -1.011873427 -0.9619627404 -0.8619627404
2192.5 536.5 -1.874 -1.62677666 -1.62677666 -1.343201554 -1.143201554 -1.143201554 -1.076214111
2192.5 537.5 -2.041 -2.041 -2.031 -1.436650969 -1.236650969 -1.134966849 -1.067234827
2192.5 538.5 -2.003 -2.003 -1.993 -1.507696464 -1.507696464 -1.124851356 -1.059380234
2192.5 539.5 -1.842 -1.832 -1.581540072 -1.581540072 -1.581540072 -1.131443872 -1.062526691
2192.5 540.5 -1.79 -1.78 -1.666407967 -1.666407967 -1.666407967 -1.169753512 -1.086242479
2192.5 541.5 -1.786 -1.759352445 -1.742001237 -1.697088754 -1.568560165 -1.230869443 -1.134647946
2192.5 542.5 -1.791 -1.772816711 -1.753774213 -1.688473137 -1.488473137 -1.307246487 -1.207246487
2192.5 543.5 -1.802 -1.783952536 -1.781014132 -1.706286469 -1.506286469 -1.401983466 -1.301983466
2192.5 544.5 -1.833 -1.823 -1.809983106 -1.809983106 -1.735838379 -1.51811388 -1.41811388
2192.5 545.5 -2.118 -2.118 -2.108 -2.034792118 -1.834792118 -1.649920159 -1.549920159
2192.5 546.5 -2.3 -2.3 -2.29 -2.29 -2.09 -1.774331162 -1.674331162
2192.5 547.5 -2.295 -2.295 -2.285 -2.285 -2.214609425 -1.859568497 -1.759568497
2192.5 548.5 -2.822 -2.822 -2.812 -2.674510068 -2.474510068 -1.906008209 -1.807591211
2192.5 549.5 -3.037 -3.037 -3.027 -2.710843896 -2.510843896 -1.910843896 -1.810843896
2192.5 550.5 -2.909 -2.909 -2.899 -2.508519518 -2.308519518 -1.843662712 -1.743662712
2192.5 551.5 -2.672 -2.672 -2.662 -2.187193519 -1.987193519 -1.724983854 -1.624983854
2192.5 552.5 -2.312 -2.312 -2.302 -1.879654434 -1.679654434 -1.590788486 -1.490788486
2192.5 553.5 -2.084 -2.034627038 -2.034627038 -1.682233217 -1.482233217 -1.472043594 -1.372043594
2192.5 554.5 -2.055 -1.910362103 -1.910362103 -1.595251779 -1.395251779 -1.390499512 -1.290499512
2192.5 555.5 -2.014 -1.992807741 -1.992807741 -1.588089747 -1.388089747 -1.35364228 -1.25364228
2192.5 556.5 -1.978 -1.968 -1.777897087 -1.607908127 -1.504916048 -1.364623475 -1.264623475
2192.5 557.5 -1.994 -1.994 -1.627682245 -1.627682245 -1.627682245 -1.416306829 -1.324414687
2192.5 558.5 -2.008 -2.008 -1.653475574 -1.653475574 -1.653475574 -1.49319246 -1.415820872
2192.5 559.5 -2.106 -2.106 -1.752271542 -1.704038665 -1.704038665 -1.574069636 -1.508802609
2192.5 560.5 -2.131 -2.131 -1.781665921 -1.758496047 -1.758496047 -1.631142957 -1.578662859
2192.5 561.5 -2.088 -2.088 -1.788154115 -1.788154115 -1.788154115 -1.652061713 -1.619091971
2192.5 562.5 -1.987 -1.987 -1.816379626 -1.816379626 -1.816379626 -1.653696221 -1.639892521
2192.5 563.5 -1.985 -1.959222469 -1.888051894 -1.888051894 -1.888051894 -1.65857145 -1.650683126
2192.5 564.5 -1.982 -1.982 -1.982 -1.982 -1.972 -1.673483823 -1.658287402
2192.5 565.5 -1.974 -1.974 -1.974 -1.974 -1.964 -1.713603294 -1.671419016
2192.5 566.5 -2.103 -2.103 -2.103 -2.103 -1.942427127 -1.775506361 -1.699153502
2192.5 567.5 -2.246 -2.246 -2.236 -2.158183791 -1.958183791 -1.845888449 -1.74731039
2192.5 568.5 -2.287 -2.287 -2.277 -2.155184943 -1.955184943 -1.913078653 -1.813078653
2193.5 436 -1.767 -1.767 -1.757 -1.589623399 -1.389623399 -1.246975406 -1.146975406
2193.5 536.5 -1.775 -1.775 -1.744698603 -1.144698603 -1.144698603 -0.9544149555 -0.9409132225
2193.5 537.5 -1.787 -1.777 -1.377 -1.243886466 -1.243886466 -0.9423217987 -0.9315985065
2193.5 538.5 -1.784 -1.774 -1.38438946 -1.38438946 -1.38438946 -0.9534265121 -0.9301901405
2193.5 539.5 -1.814 -1.804 -1.607130167 -1.607130167 -1.607130167 -1.007130167 -0.9471967068
2193.5 540.5 -1.864 -1.864 -1.864 -1.864 -1.684364256 -1.084364256 -0.9920323292
2193.5 541.5 -1.867 -1.867 -1.867 -1.867 -1.768493237 -1.168493237 -1.068493237
2193.5 542.5 -1.845 -1.835 -1.835 -1.796863395 -1.729118972 -1.269419547 -1.169419547
2193.5 543.5 -1.851 -1.841 -1.823113619 -1.771714961 -1.653134248 -1.405096374 -1.305096374
2193.5 544.5 -1.866 -1.856 -1.856 -1.856 -1.743760026 -1.572808233 -1.472808233
2193.5 545.5 -2.165 -2.165 -2.155 -2.085605763 -1.885605763 -1.75900566 -1.65900566
2193.5 546.5 -2.525 -2.525 -2.515 -2.325028828 -2.125028828 -1.937456907 -1.837456907
2193.5 547.5 -2.552 -2.552 -2.542 -2.542 -2.342 -2.082881478 -1.982881478
2193.5 548.5 -3.039 -3.039 -3.029 -2.97578926 -2.77578926 -2.17578926 -2.07578926
2193.5 549.5 -3.1 -3.1 -3.09 -2.96437397 -2.76437397 -2.16437397 -2.06437397
2193.5 550.5 -2.821 -2.821 -2.811 -2.762082428 -2.562082428 -2.048680788 -1.948680788
2193.5 551.5 -2.431 -2.431 -2.421 -2.420498198 -2.220498198 -1.900292013 -1.800292013
2193.5 552.5 -2.405 -2.405 -2.395 -2.129939087 -1.929939087 -1.752420703 -1.652420703
2193.5 553.5 -2.409 -2.409 -2.399 -1.899072911 -1.699072911 -1.606586599 -1.506586599
2193.5 554.5 -2.325 -2.325 -2.315 -1.715 -1.515 -1.463991577 -1.363991577
2193.5 555.5 -2.171 -2.171 -2.161 -1.561 -1.361 -1.338584439 -1.238584439
2193.5 556.5 -2.051 -2.051 -2.021476476 -1.421476476 -1.245727325 -1.245727325 -1.145727325
2193.5 557.5 -1.971 -1.971 -1.784270766 -1.310297837 -1.198735004 -1.198735004 -1.114091639
2193.5 558.5 -1.959 -1.91108607 -1.51108607 -1.255914562 -1.255914562 -1.191760447 -1.139309808
2193.5 559.5 -1.956 -1.946 -1.546 -1.263001126 -1.263001126 -1.220838047 -1.20248661
2193.5 560.5 -1.947 -1.937 -1.537 -1.326417225 -1.326417225 -1.283593395 -1.283593395
2193.5 561.5 -1.935 -1.925 -1.525 -1.443970718 -1.443970718 -1.370959677 -1.370959677
2193.5 562.5 -1.952 -1.885283383 -1.609925066 -1.609925066 -1.609925066 -1.465252719 -1.465252719
2193.5 563.5 -1.964 -1.830015025 -1.790798501 -1.783291292 -1.716699029 -1.558115835 -1.544906051
2193.5 564.5 -1.969 -1.919011262 -1.919011262 -1.919011262 -1.777270484 -1.642098294 -1.604023502
2193.5 565.5 -2.021 -2.021 -2.021 -2.021 -1.9562472 -1.717035684 -1.650237481
2193.5 566.5 -2.173 -2.173 -2.173 -2.173 -2.033434162 -1.785852852 -1.696313226
2193.5 567.5 -2.134 -2.134 -2.134 -2.134 -2.062606897 -1.85143904 -1.75143904
2193.5 568.5 -2.105 -2.105 -2.105 -2.105 -2.095 -1.915825121 -1.815825121
2294 436 -1.869 -1.069 -1.069 -0.469 -0.269 -0.269 -0.169
2294 536.5 -1.845 -1.452197666 -1.452197666 -1.452197666 -1.252197666 -0.9174161842 -0.8174161842
2294 537.5 -1.918 -1.889279122 -1.889279122 -1.755138357 -1.555138357 -1.048657879 -0.9486578786
2294 538.5 -1.972 -1.972 -1.972 -1.972 -1.772 -1.172 -1.072
2294 539.5 -1.944 -1.944 -1.944 -1.944 -1.744 -1.26188504 -1.16188504
2294 540.5 -2.126 -2.126 -2.126 -2.126 -1.926 -1.336174125 -1.236174125
2294 541.5 -2.197 -2.197 -2.197 -2.197 -1.997 -1.397 -1.297
2294 542.5 -1.987 -1.977 -1.977 -1.977 -1.783858118 -1.434140054 -1.334140054
2294 543.5 -2.053 -1.822384576 -1.822384576 -1.822384576 -1.622384576 -1.506233269 -1.406233269
2294 544.5 -1.955 -1.955 -1.945 -1.839252263 -1.639252263 -1.629193608 -1.529193608
2294 545.5 -2.035 -2.035 -2.025 -1.993286105 -1.793286105 -1.793286105 -1.693286105
2294 546.5 -2.485 -2.485 -2.475 -2.192886008 -1.992886008 -1.992886008 -1.892886008
2294 547.5 -2.67 -2.67 -2.66 -2.357202923 -2.157202923 -2.157202923 -2.057202923
2294 548.5 -2.633 -2.633 -2.623 -2.45556841 -2.25556841 -2.25556841 -2.15556841
2294 549.5 -2.495 -2.495 -2.485 -2.485 -2.297185158 -2.297185158 -2.197185158
2294 550.5 -2.586 -2.586 -2.576 -2.554260137 -2.354260137 -2.354260137 -2.254260137
2294 551.5 -2.668 -2.668 -2.658 -2.622003205 -2.422003205 -2.422003205 -2.322003205
2294 552.5 -2.721 -2.721 -2.711 -2.648067787 -2.448067787 -2.448067787 -2.348067787
2294 553.5 -2.699 -2.699 -2.689 -2.600758735 -2.400758735 -2.400758735 -2.300758735
2294 554.5 -2.58 -2.58 -2.57 -2.449126043 -2.249126043 -2.249126043 -2.149126043
2294 555.5 -2.399 -2.399 -2.389 -2.184134688 -1.984134688 -1.984134688 -1.884134688
2294 556.5 -2.213 -2.213 -2.203 -1.815838504 -1.615838504 -1.615021888 -1.515021888
2294 557.5 -2.039 -2.039 -1.970968331 -1.370968331 -1.170968331 -1.156936937 -1.056936937
2294 558.5 -1.962 -1.162 -1.162 -0.8972756435 -0.6972756435 -0.6972756435 -0.5972756435
2294 559.5 -1.93 -1.13 -1.13 -0.546714189 -0.346714189 -0.346714189 -0.246714189
2294 560.5 -1.922 -1.122 -0.9768802329 -0.3768802329 -0.1768802329 -0.1768802329 -0.07688023292
2294 561.5 -1.934 -1.134 -0.9927224443 -0.3927224443 -0.1927224443 -0.1927224443 -0.09272244429
2294 562.5 -1.934 -1.134 -1.134 -0.5815051787 -0.3815051787 -0.3728553119 -0.2728553119
2294 563.5 -1.944 -1.144 -1.144 -0.9727965681 -0.7727965681 -0.6530166003 -0.5530166003
2294 564.5 -1.959 -1.491776407 -1.491776407 -1.491776407 -1.291776407 -0.9688510225 -0.8688510225
2294 565.5 -1.982 -1.982 -1.982 -1.982 -1.782 -1.263231757 -1.163231757
2294 566.5 -2.023 -2.023 -2.023 -2.023 -1.823 -1.496503022 -1.396503022
2294 567.5 -1.995 -1.995 -1.995 -1.995 -1.795 -1.66275687 -1.56275687
2294 568.5 -1.995 -1.995 -1.985 -1.985 -1.785 -1.785 -1.685
